2048
20.72996231	16.52764456
13.15238034	42.06578607
45.57092493	33.66457828
15.24459748	40.56089848
49.77546705	1.136570938
39.51630913	20.37921297
30.78438872	23.90929936
25.00817128	23.51549003
23.30228703	17.55027677
25.99062534	19.5973993
39.82084176	0.719211266
14.90930219	6.923330837
3.434725126	23.42274573
24.21088363	29.03613226
49.11223051	12.46984055
13.15246596	23.01289612
24.90959448	32.35259458
5.130749746	15.12578576
48.18618661	25.70273
4.931181324	6.131153398
47.18012441	20.54143663
15.51844384	1.229801388
47.63609397	35.35070469
39.04891297	13.67758289
6.835674417	43.29143543
24.18108689	31.79167027
34.9243817	29.7418734
3.849292252	17.14059362
23.23278227	27.90996452
39.89695286	16.88428113
7.681627091	31.00496532
7.610588565	48.26971438
2.742721891	44.66387319
41.75591229	2.400987381
17.04292781	26.99139623
42.07306963	7.970957105
5.444273262	9.126796058
4.042741105	3.64667639
34.03048909	10.76312858
29.63714276	5.012114293
17.18105132	48.90751876
0.195908423	45.55504982
31.75234255	31.30302777
27.87941153	21.55750029
47.37444783	35.45438962
40.04514094	29.79740264
17.91876267	17.80182575
42.76748745	22.21142896
3.384873311	5.196805686
48.1673383	23.43890798
16.84817444	19.76709566
17.60027706	41.02405835
45.47414396	34.17710547
9.444860063	39.83396785
20.52245453	3.739957607
13.64458147	24.48086047
35.64811277	46.19412072
21.04106457	1.11536795
49.29964184	29.88448861
36.11682481	45.45503276
37.70310018	2.532646848
27.99926655	0.151043217
41.18799006	11.00019937
40.18058962	2.865422613
21.36328439	9.35059672
11.54679256	2.567348879
48.75008904	21.52079696
16.48247119	44.62007166
41.2296856	22.70045185
31.69723497	15.79074453
3.242809341	17.07841168
15.5127575	33.16981395
41.71577964	25.84265834
32.57392653	4.085309341
44.67244087	39.8943202
38.76277674	21.90615511
45.72815181	37.51027775
43.14286742	4.638913164
29.96419717	32.06613826
34.41442044	28.93433554
11.04845177	34.25953072
31.16228273	46.07319872
46.94192545	3.754403029
13.85303703	28.97402319
2.004477583	12.29213626
13.47385033	41.25004543
24.91989443	25.58305583
6.667503422	20.49390977
5.528782751	14.76353057
22.09109001	24.99904248
22.95758451	43.3607363
39.44017099	35.39757439
14.3214528	25.62188917
42.16217896	18.7931071
23.44380571	5.923917433
26.38512848	31.75645224
26.36185085	31.58153106
30.19649085	31.73173231
2.895983326	43.72004617
49.62868115	11.62888891
10.75068229	28.44990278
20.46864901	10.36616015
37.08455475	10.91475899
48.12800413	4.371036611
20.58660521	32.14579737
6.409946307	33.14917917
22.6572422	44.94369383
37.13962657	26.53929933
21.60660204	29.23786465
40.2356745	38.0336861
29.27683725	22.4290237
47.61044562	23.38463874
31.8667039	34.35249486
44.77777956	6.626791159
48.70752727	31.45878466
27.54926383	48.71509859
23.7879342	31.59534457
2.370076187	32.20589431
10.55855658	9.331778749
32.83436748	48.76046042
7.605571755	14.94258901
25.06882645	16.92814413
16.28160949	28.01720758
15.19498729	44.27409174
20.38737441	24.75016529
41.65762403	13.52362335
3.438489553	4.391599678
37.35387331	1.548870853
48.93461097	10.52411852
25.69711619	3.72480539
31.1408778	27.90964729
13.10338593	16.21375508
10.85279556	46.07883065
24.89622111	35.34233889
20.40268826	24.47523047
19.4836218	33.88513916
21.00444662	46.89405422
0.066724744	29.7979545
31.2870577	16.97480964
2.241473058	19.89205294
26.65796385	31.67208202
18.15807769	7.817691045
3.646141239	11.00038675
11.57005273	22.76012921
44.14927702	32.28864822
30.38001026	48.50462411
1.349913613	23.73139047
34.02748563	3.713083447
44.01142792	29.23547451
31.73970873	9.614716467
15.15894714	26.52333094
15.13720854	17.21778234
35.64839767	30.21999385
40.53647062	33.89378494
9.355343731	13.62565102
30.75359706	26.37549217
24.97732492	19.18588586
33.56018451	49.97396857
8.425827647	0.645548639
3.764253498	39.55300284
17.07047093	9.812161558
45.26914153	34.45025065
0.710798012	49.27648597
48.34123684	39.11360262
2.115932506	35.81958277
23.75316101	2.406131629
36.19040639	0.972173184
27.29223818	20.73808857
47.17841718	8.807782434
34.7961862	29.00731238
33.80727101	4.908947312
33.57277125	38.43722487
17.67791457	19.14134307
1.500256887	32.54231357
11.18029544	14.13105702
16.76285002	24.84846305
46.60264813	30.33582712
3.269693765	46.09018549
15.64096093	49.78315425
24.47799315	33.95838516
43.13113312	15.06274023
3.9888938	14.16970654
46.39191348	23.97308315
25.65882481	18.16830947
27.28966981	44.3848849
21.04980903	31.62414569
36.71358374	9.761880949
4.479013857	26.78499807
17.4258449	47.99092339
0.101315217	39.7429791
45.41011818	27.68510787
20.1573784	47.45147546
3.833465555	0.991027612
3.88337427	22.49407963
47.84689459	37.76413695
17.59237133	15.04666086
43.48675262	5.88588932
17.93073223	25.9651202
6.284266202	8.832115676
27.40441556	26.97821194
11.64558967	14.15353697
0.993114019	29.55796299
3.904112744	20.17544898
20.40542593	49.22244021
21.13082907	37.4140046
4.903973512	15.51096534
48.97234693	5.771263849
4.293142535	29.30065129
0.678382553	17.04776239
40.08216144	25.91921303
45.32985437	33.69194557
25.21042739	38.91758246
49.13593913	8.514941864
8.276230354	0.190852874
7.243378299	46.62878763
14.9132448	40.92746121
22.64366765	30.2773095
27.63565946	21.68705012
12.59535822	29.75452183
42.64753806	7.496970975
40.59226933	34.76384469
40.7874748	12.81702435
3.493320097	24.91083078
20.19967968	19.04832999
24.37234636	30.51089238
13.61361131	22.96758727
25.07358241	40.21502975
25.76430541	4.134298768
14.69715073	28.95971474
4.507756809	21.70601148
2.535315272	0.583342104
36.48901067	12.529467
8.267494721	9.440620648
18.71688548	13.27427832
20.73391465	28.02015347
13.39969331	43.5341881
38.97849668	42.75299533
48.89227583	6.275308462
6.001327893	7.060157232
4.758956333	34.58038669
9.073743537	33.41853658
7.123319517	27.32777871
27.86756979	39.67608308
27.41388408	37.60058987
19.84825487	4.91246121
22.77112721	35.39531904
9.386532913	0.368157113
26.02229281	17.99121719
9.113724246	27.13395314
20.2271434	6.044142053
21.21970964	29.14742641
38.89425676	9.639649043
32.49421517	37.80665832
0.475717947	49.68264359
22.89325427	45.07147311
14.64224123	20.13650136
35.2115131	16.39974555
3.264474251	41.2777617
13.71630741	36.648119
15.23900165	11.13733265
39.8113282	27.12150955
15.45601874	47.7433378
23.56423965	36.25207254
22.12871924	37.13753274
34.40043787	27.63305787
1.196749814	23.86205513
28.10313648	25.05403335
17.99179171	27.25581452
39.26569493	35.74183265
22.29840058	3.194567976
10.89575653	49.8249596
38.15718393	17.67585831
25.45460018	39.30130263
43.2549039	0.40486088
21.03792258	27.79126703
16.34200582	27.45581955
35.42417672	33.64759325
48.28617737	49.57782742
43.50049748	16.9500751
9.799207502	42.98528971
1.820694414	10.45314188
30.54706082	42.829669
12.48672463	17.88291471
29.62614937	4.858217799
22.4162619	23.17042063
31.97840763	43.05907613
37.59222881	41.71621735
30.38652292	7.377223716
41.09689117	34.88469596
30.3911758	23.95436532
37.66633008	12.27133796
45.78396776	17.42324911
18.81000679	13.0202044
32.17654387	48.22742574
43.59581135	23.98957103
42.91682786	2.783153385
4.566826121	6.73466959
5.237161415	25.2268667
47.26774153	24.42861029
4.518588052	12.82210502
19.88190908	38.75554037
41.48621072	35.91067207
15.9022178	28.64368574
14.74434501	45.11968632
23.56739274	17.96231075
38.95874761	2.273063025
16.90608453	31.99036656
27.99530681	12.35955408
20.52167056	25.39577001
22.31148323	36.6528035
49.60832976	0.029065328
15.99927185	30.10055202
48.68988774	34.82390696
26.00007373	12.73891773
36.57907561	18.54737669
22.19526154	10.21175486
35.04006679	15.08440624
1.244030252	49.4755257
45.56614517	20.45574557
47.19325759	30.80962445
32.63641157	20.59080799
14.55199029	49.00454542
9.578862254	25.61438382
49.67772846	20.03141449
2.729981448	27.70083461
21.99529507	24.63411074
41.49048133	5.884945727
24.23486912	34.72584808
10.97050969	24.5338988
7.954341659	7.902885379
21.38060801	46.16037672
15.09012193	5.607354636
0.036746386	43.40761694
25.54415453	38.80192101
46.31254111	19.97807524
16.50333263	22.97405586
28.65794034	46.88294876
5.251763744	40.8933448
30.70940049	33.73316107
35.89535675	47.18366669
39.56450173	45.98432513
30.0526836	25.11579177
27.05710666	10.5127662
7.250251997	3.036721274
25.01887265	33.73621169
4.054596855	48.7728477
8.126515791	28.67576457
34.17375749	43.5569504
47.56644113	47.24175399
22.75220308	9.164445478
37.59350432	21.72974454
4.340801895	32.24044804
35.05086899	39.07748103
23.87854602	35.73697376
40.49819168	17.70904692
36.37612133	26.11994365
44.49484759	3.743162756
33.79674983	28.94705141
43.82309688	9.568661477
39.73898987	5.99778904
26.26559397	7.767210644
34.94191072	29.50723663
36.85144969	3.44863751
15.57708683	0.691249357
1.28404758	33.72531321
41.0838471	13.4226334
40.61150872	42.19035031
35.59546237	3.517802169
25.58077349	12.09821619
15.56679464	3.55720009
20.21835792	40.94238188
37.9033332	48.53085348
17.51304799	8.355681611
26.69230006	32.27995592
6.027284897	49.00985524
30.93248901	39.94717727
39.95441331	21.60845633
34.05571805	42.99664617
42.55025214	21.42517923
4.873637071	36.70460291
25.95529043	8.531795635
48.02468084	27.59750989
17.53484807	24.16845411
27.16794081	47.99995306
1.983279419	33.44018915
24.0211988	10.16451867
15.72579921	28.01540112
20.14776947	49.4573464
48.62346409	7.846924203
19.69431105	40.45352502
35.49596866	28.84023446
20.53171525	43.98945599
9.191322067	49.34241665
21.02184024	8.600197447
22.84862753	32.28657687
21.52798562	18.85725674
19.81520643	20.91187293
35.85112491	17.75622304
41.73118549	21.50869989
1.016412178	25.37551835
11.55827709	49.78680393
40.56655396	4.530705292
9.183826777	2.789390868
28.29407156	43.3871622
24.28198793	1.486485392
4.420739743	38.78012081
10.80199236	3.001653013
3.190418174	5.899741142
3.632351487	40.67956137
35.71983215	44.81237702
39.50488317	38.97479764
3.616681007	45.02485207
13.73039919	8.523657673
42.64065996	40.30298518
17.13588387	14.33606619
37.85887043	46.00587624
41.63186552	0.065776511
22.70830209	6.972285199
37.88378451	25.11307936
10.04792477	49.52610816
2.772246844	29.70188025
28.68350127	31.79927474
42.69935684	1.195531728
34.52780725	37.25834165
14.11637983	38.25022523
3.674578659	21.96427042
8.650303178	49.5974868
30.13199187	37.69142602
38.97536887	18.65252181
10.05511176	47.44802617
23.70137162	48.52764779
10.64774438	11.45886656
1.714173612	23.09325993
4.622408358	5.944713587
9.034987542	9.639357462
17.65088949	43.95080774
42.13262493	32.33002604
43.73669086	39.42270843
42.25728406	17.95086967
43.71872539	40.14008906
40.31393816	15.44417551
30.27296069	5.569835026
31.81775784	13.29765448
27.52136294	43.59671974
32.31847766	12.68022477
1.024332142	28.78454798
40.39449304	49.40303099
44.5472958	49.56421874
46.91462771	17.40801997
0.761417691	13.34711693
20.65283185	4.608539427
34.71967322	23.70451383
26.18779587	48.2643911
44.1420362	16.50862175
21.99958858	38.25064491
49.38839052	36.81050225
5.158032957	48.63512266
26.85362659	23.30487957
36.43418015	29.84915319
28.65480498	15.64448192
28.64011814	34.15561938
6.224123906	37.05018236
37.41914913	1.556108569
19.01697045	4.890763875
44.05128349	17.57406728
45.99900329	8.806604678
4.774575231	32.62784867
45.06546873	36.76458921
0.183416566	31.92628059
26.37768648	26.09863957
0.88048034	17.31749111
31.34582038	5.690344384
18.69022167	28.06719412
41.11940932	45.51491075
2.754874273	45.96250305
10.4337467	5.299210418
40.47960802	0.183618529
7.881366948	25.85668709
14.06329487	19.9769528
42.56620312	36.59409958
25.91865866	36.43403947
27.95350189	40.62035471
37.08685871	15.33144164
25.24003141	4.638407021
48.51785556	4.329839002
12.05840418	12.28691245
48.09632044	44.38622833
7.464650966	17.10667676
15.64651322	19.36157296
12.34841101	31.98305682
45.9898942	20.20574062
39.62275537	41.30662735
16.63368491	30.55556044
21.31459658	27.49972808
13.89708944	7.988540779
26.5506831	17.20282833
10.94742917	9.778342648
18.34900023	43.69339162
12.2815487	49.85025502
43.04653931	45.88107771
4.969681009	38.82594951
0.49582529	15.35254822
48.22269701	40.49301477
15.49002147	15.25881407
13.84851919	24.50334822
31.89192615	25.76440745
16.85045304	17.38186599
19.39693011	8.067460823
22.71711278	31.95383485
26.54785352	19.48504861
24.74860858	13.80633687
39.320032	1.944550004
27.20972874	5.277011875
40.21751144	7.316220503
41.92826339	26.57216935
0.7396099	15.47857921
1.199731806	39.21195419
17.61988379	15.07812966
43.77923341	39.21925201
26.10668658	42.9756866
5.511891116	11.68260199
34.49100818	30.42800968
47.19660043	27.22647635
16.29094145	19.99096387
13.9641158	10.00738113
31.46610562	25.50206977
30.03156332	48.68004582
38.04024126	42.92214147
18.62176957	7.659857422
46.84551903	26.89285375
21.20988728	43.86744456
21.71073063	36.02554563
47.78869701	8.153914794
20.95116666	20.74288068
14.57006709	48.01073701
35.85019744	7.656323052
28.90865436	1.853265854
33.00647546	31.07021491
1.591259846	19.88177012
23.68396517	0.485678053
0.623386665	43.06441919
40.39997222	42.23504155
7.144361957	35.53699748
17.10309834	17.15190226
0.231026381	32.1584577
36.88330614	2.272095108
27.55487547	21.40665559
34.05959766	28.23015693
47.51558805	4.115542042
21.53169646	13.8548086
39.09826496	31.19429597
27.45775036	29.01997833
37.75412442	1.783569781
9.182299055	21.51828714
38.96959336	15.11873933
46.56677578	23.40057731
31.34388596	10.03744494
3.306137539	19.94685124
20.86561037	40.16173068
17.1205066	35.26884395
29.36466845	29.35178879
34.0841248	21.67266344
0.989000185	21.60368801
6.494447927	8.022259171
43.43313174	47.95351847
34.9912059	41.43447265
12.30434021	17.33221969
47.33154089	16.35410257
49.36064099	48.85249822
30.352634	32.46606869
22.80760688	24.46290259
47.99437245	9.1598345
20.12190083	38.57553543
49.64429989	25.94632847
41.30422824	13.78370193
25.10694373	34.7258083
39.40446063	9.981669093
17.57293832	39.90774217
48.19070842	22.41793778
33.92016688	30.31600745
41.7014381	29.55805448
47.13356121	49.09664678
23.00155797	49.75475094
11.27845533	30.37988058
5.306360409	31.45896523
26.02735456	42.6567438
26.27338998	20.31668108
31.2931362	32.13935641
1.017442466	23.66363115
8.560627941	40.34794766
1.08342346	5.838747952
0.14174454	6.48516846
13.21693679	23.06576275
31.4440207	45.94361995
26.6214652	8.83543448
44.79698195	32.19171732
20.83663949	31.07253148
36.806518	13.56547576
47.14450676	7.703707258
42.75171964	46.73621248
5.051515061	6.567350594
4.035955316	25.99540777
8.311107138	11.99963558
23.01384212	22.7934825
4.936257906	10.92396857
22.34537609	3.244553938
36.000401	47.27175902
13.18108479	4.138991784
7.205941069	47.58601329
38.26033319	36.91233407
4.682161743	24.81609817
16.70316612	18.64375323
7.191297673	32.4919296
21.3040725	34.99908132
1.18135733	38.13396588
22.01385656	30.20437321
21.81075415	38.55486636
24.58249573	32.62068502
19.08738462	15.0022006
23.16252437	27.16239033
26.08755507	9.118873936
32.29401008	27.41577655
44.16515001	25.91260125
46.21755857	30.36645043
18.93392275	12.82609206
0.297815575	9.85433091
7.886089301	23.94792579
1.779834518	41.98976253
17.85677618	18.06570926
18.92291904	41.86011271
5.540317828	24.68159199
28.84837628	14.76074757
43.91769141	26.65965432
35.98006242	36.46082837
49.90786887	39.86577299
42.40119329	42.50989064
35.86859036	49.43880687
34.42910684	3.303676962
38.13901164	11.36931695
23.97850528	31.31058884
32.06207319	45.31174977
35.94594922	22.06260228
17.33548677	37.51478486
36.09365464	43.43577906
9.184125043	42.14777901
24.3929972	3.254430341
35.1552408	22.11940263
23.19914386	35.67242288
5.668893457	12.34748659
38.47610875	14.37174724
35.15880982	24.23593131
39.26015393	15.44741674
26.54137932	0.844825476
37.32042035	12.26018013
30.68321761	32.63109011
5.210397418	4.303525311
7.784441573	7.805092791
29.87212635	46.46933081
16.8022001	47.07014541
3.633887393	2.676779131
45.84070996	46.7819007
13.7717358	12.08877324
19.73269278	11.55363907
1.099806453	21.16089702
14.34081826	20.61952982
21.14779842	40.14687054
31.86784697	33.65636637
1.588704252	25.75755097
30.66070438	16.5939503
23.97304603	46.79852169
41.21920001	0.397952564
0.143555986	21.22321521
37.51725664	41.81997433
33.69577794	18.49029334
39.29133843	28.31727694
19.34863512	17.41978922
43.09179672	17.19932107
46.3756507	19.35552962
31.41063732	34.97021362
32.82503867	34.94674254
40.32190751	18.11159349
1.737219756	17.29371019
17.72564132	23.61194002
41.43608482	28.70800148
38.18260369	22.68555168
13.24149753	15.38810479
16.42330196	32.31657862
17.79933899	44.60359931
44.55151596	13.49190231
29.6714789	30.84845798
13.07193694	26.31195106
9.904622034	30.07731695
22.78538685	38.92768922
32.02053609	5.605984748
13.26801982	32.01928317
34.1395186	17.98111395
46.34351503	43.37502947
25.62118013	42.01477514
7.168218451	46.60964767
3.190070525	29.00901753
9.475569088	12.59497667
37.1389467	47.38087968
7.783150703	33.14074335
49.1388786	3.701812616
24.34952402	28.657971
44.15800279	37.16249103
15.55606981	13.59714093
11.64991078	47.78417392
1.230771128	11.13263494
41.04549892	37.07703535
6.869033287	7.005119989
20.3482321	44.05123973
44.04364441	18.55938048
31.07854337	17.79817254
34.28920498	10.07186487
21.88686224	8.720655263
40.83214079	17.45233722
19.50441886	3.470965329
15.82798634	47.75986108
3.147835384	9.830637732
39.222615	3.826370884
11.6889843	23.15495656
11.5570537	0.942026956
29.68702612	11.23524086
41.33547809	40.27686153
28.22251281	8.523729966
6.924356728	39.41240409
19.61329967	47.88458254
2.507398067	35.69440126
32.06504905	15.53134942
29.06112152	49.94977503
17.35634172	37.52258992
16.07319591	12.83969327
14.74157734	7.19277017
32.43655588	39.33904005
5.397664382	49.7827084
11.99337811	16.44543654
37.66838159	27.7763963
20.14573603	5.340730135
49.1802974	41.94990799
32.42822545	2.732607872
43.2341855	46.85997754
25.9446167	1.800142962
4.091956749	17.92585851
45.60545963	24.05434602
49.14120914	24.35927312
48.6533271	29.86734806
47.6380882	19.52664693
23.59746175	17.74067569
22.43764038	49.93778882
21.42009847	8.28626137
16.66339006	46.93638178
49.88221923	31.29633404
27.32138975	37.44347708
3.077929351	44.18147808
10.25016824	18.09796588
36.23141128	44.45194961
42.49089584	17.03539005
5.991970091	0.792510269
45.76164303	35.3899843
12.06924627	11.57268804
9.731268158	32.6738592
47.74520435	45.41984911
45.94910636	41.28578623
49.92136874	41.97800992
6.671320358	43.0893654
10.45749538	5.673528312
27.65842164	24.46422619
44.85681363	28.72893833
19.46632052	46.89915233
30.77619409	24.68986464
15.69458151	18.72389421
40.26996986	38.8719073
39.14512189	32.76126622
2.820233206	46.1972479
49.82349243	35.09298572
10.8456562	4.700978673
7.196648881	23.9807846
13.70718335	10.64813471
42.78614239	47.93202642
27.74850842	43.24709642
5.25880718	29.09847282
26.44811063	7.885808788
40.47697228	29.43699579
2.916312904	16.73510374
8.723215109	0.691248445
36.56326075	16.23930267
38.94476801	24.51711642
35.78828927	14.53666898
29.84423137	25.12587139
18.95884429	6.350695309
37.82639115	49.99000242
22.52282255	20.47261739
36.83224686	36.28136254
40.68847852	10.63693633
21.22146768	8.950254007
24.47505487	20.88078595
28.913446	33.01686955
35.9811986	36.53223933
0.034949481	19.29873802
15.27309323	47.09316317
16.15091494	16.22296391
15.56335629	26.08310547
16.714776	40.09979496
48.98872673	39.28066761
24.22146256	4.603219935
29.74326384	44.25189547
1.035639732	40.02050857
4.112260083	37.42111662
2.745592047	3.457360193
39.66471039	22.8078708
5.861428737	27.97035186
3.480534546	28.65806978
32.7495068	44.9247686
1.77939122	29.97065034
37.18211655	29.25496966
37.73612287	19.92080147
46.39264699	14.83250903
35.24487163	10.10381627
13.8565361	34.24837117
23.73992282	29.78923953
4.138474416	9.605910658
33.70920746	41.77300916
18.12554583	14.95160515
10.31180885	30.27758946
35.6204322	7.763141046
11.01418573	40.37536677
32.8227873	17.03017554
14.08383716	29.48848701
28.84777655	20.87761446
6.083877923	27.51880063
43.80276211	2.182093873
21.56839037	47.94349687
49.77516068	46.77800353
28.1661169	4.212620828
45.17240769	20.61337032
9.982836935	17.89761475
35.82112066	23.43165632
11.82822041	14.97265841
11.11844766	8.703507275
10.24769812	33.80100576
33.83147671	18.380093
27.92948756	7.757551309
26.90545963	28.09636253
30.62489631	20.06885922
17.42311809	34.19003112
13.41744479	29.29864331
25.45733215	22.61939238
38.52175624	0.213050472
23.17741861	9.540982606
1.447878136	14.24025066
40.90630654	4.405545461
28.56884428	7.371135589
24.26008243	5.505251689
14.54433067	48.06317222
24.88906698	18.3645308
16.89852097	32.11645415
26.8105992	47.32444665
19.23474746	41.99490601
42.71451248	14.14897913
45.38124614	31.7713391
43.73678917	7.142417905
36.13817282	14.84619861
46.64790204	17.63833355
39.98687779	44.18423492
11.74470558	20.03349771
15.00448031	15.15454873
30.59071637	15.95311219
28.57756833	18.92032038
26.3797625	9.11840412
17.92447648	13.75340341
4.655537021	27.74699596
34.05982737	7.362206581
46.4342667	41.77699082
9.377772529	8.26786262
43.54217746	33.900911
42.71606247	7.721438782
30.27007244	39.2678248
10.84147863	26.10673468
3.528010345	39.38737135
4.989021537	32.33421962
28.50857169	48.24985305
49.1827847	17.59600518
47.50691834	17.65223904
31.47095452	31.65258122
29.58817925	25.16708119
48.69495775	6.879199531
42.29513282	33.69863753
2.752756074	27.70512462
44.43929914	48.57448306
0.62847499	0.192196783
42.94432865	42.54914321
31.73530973	14.98508463
4.155367222	4.22461202
35.31370288	15.17209499
1.937381441	49.19883058
8.222618323	32.6760508
20.70429153	0.661215531
6.145084915	22.36250344
39.93480816	8.296700166
11.34282871	16.75574381
38.11462542	23.05922467
17.26188595	16.97988014
3.895474552	18.46906633
12.41355687	47.08289586
4.980240532	39.80244485
6.412209515	34.87150337
27.00995832	12.32466673
21.48152193	39.24682431
41.73308039	49.71922564
48.82958812	41.74559157
41.09576162	35.68842459
3.22309597	5.1410474
13.24009331	24.19706771
41.00070394	14.15118576
37.59340079	44.92152753
32.69913944	8.421033474
40.72293243	1.042565914
39.95969117	35.60597041
36.39172274	46.3290244
47.40277001	36.91354565
39.05233683	6.698989792
34.40449713	21.71226598
32.20038685	46.7895522
38.13533361	22.99366987
13.08900439	47.63751735
36.49801965	32.49332999
15.94699431	27.95347505
24.54913097	21.93870645
13.16790959	15.74241575
0.592093861	10.12119237
46.36495769	24.85878307
31.27810027	15.96557002
12.64776781	35.36227964
5.948184085	49.55602329
13.30613763	8.8417946
20.17911101	6.9802604
5.980227751	29.28927423
5.616884755	22.54556104
7.077165861	37.8207307
6.271478895	4.105067187
12.19454475	36.59665566
13.97956136	3.671787849
28.38131509	42.2894157
45.58431099	10.1960585
41.93844847	6.36005106
38.25034249	21.89386558
19.13649483	4.127824738
38.49174526	38.89456143
5.143576609	48.73561664
28.19060769	37.26045603
22.70337237	23.76437705
14.73508028	21.34793314
26.61534705	12.07025482
36.6075019	45.56289026
43.40739388	6.608633175
25.3291688	46.91853088
42.11603445	5.63072605
10.29864079	31.72049636
8.007645098	6.33255781
7.307327739	5.627556521
16.22836196	20.33408694
18.49278903	9.178889085
23.82403903	46.78856336
30.62803621	49.69747546
26.96966365	37.83623004
29.24862917	27.29505589
32.92443624	8.172625046
13.11461305	20.65828268
46.92697166	15.17363828
19.60073563	4.818108899
46.81467023	46.66396148
0.216357223	1.93060413
30.60089508	6.543997374
29.9638743	23.19617873
23.54918076	21.43972372
46.1935371	27.33489428
48.69695704	14.38334118
25.86473498	19.12582607
36.23525494	22.40869718
21.93642304	42.24685862
8.507526771	18.35583271
7.115321566	24.84062438
6.006965715	14.60647945
8.427128617	16.73199747
47.70038377	14.15907437
4.935418682	28.05134474
44.81959221	4.726262953
10.49307546	19.43025475
19.50366816	48.56600402
33.49491205	42.12198754
17.90949656	43.56494077
30.9285427	44.57409814
32.29384873	7.836104623
26.0997872	14.88707487
15.96773925	42.0931834
41.05610198	36.04538512
37.28687	2.513978821
26.90389743	40.79289056
29.1104323	12.81087528
43.38157148	34.29864023
35.88439917	30.13712049
17.02209008	38.41117122
30.53054686	25.76869338
36.81989218	26.32196349
41.74559261	11.70424362
30.04995865	23.37020766
17.23355637	8.291339885
17.82646485	22.25876599
33.85428399	39.92193198
15.98325894	24.45734572
16.4936484	4.693701843
37.61746833	17.81771843
27.18715791	23.90241798
20.89037501	16.522883
32.79699207	16.09377994
30.22160188	46.47684899
42.72244284	20.17388996
20.43042558	39.72226873
17.58787008	21.44303655
36.30756018	13.21177728
29.34526324	20.10731102
10.37495719	2.014496477
33.2572442	48.53375184
34.99188578	28.09999082
21.85938554	46.11867377
15.93709952	19.01714835
45.33839031	45.20962788
18.54133842	34.21903168
18.02649863	7.787399728
40.7228688	44.73648365
25.1877064	24.0909086
39.97433696	23.92142042
18.66774631	6.906805777
14.78743968	16.49414262
17.010412	47.69789152
9.681193573	26.00537316
39.44508916	48.53934849
4.4847384	28.69621035
30.74282311	45.97220301
2.469406895	39.46846757
26.78699883	4.107062081
31.48250391	35.79371119
1.175184093	49.20845979
46.23818878	29.97940477
7.334681793	1.840595016
13.9544441	45.29586212
49.11154021	31.54377944
49.45774075	36.7019699
48.41946423	23.84743008
39.06091012	31.77433188
40.61145912	32.12488869
20.0201827	45.46610995
40.17254094	46.1187708
40.05653035	20.01497394
12.9905619	2.606903371
13.38548334	4.818483164
27.25821799	8.260657978
44.86822695	7.890671474
4.809030199	13.73932506
23.3991062	10.93613588
7.11277378	31.76866903
26.62610952	6.80426432
26.60940041	44.2739498
14.5710299	9.780924124
26.93824049	49.04318168
30.2815937	6.006581104
42.23745524	45.52794987
33.97070677	49.3412981
25.15487169	7.743634405
21.92374086	17.55062123
9.539587207	9.16456451
17.27717905	28.78479683
7.664233884	9.030573759
20.77117277	47.2178397
30.1642975	13.66181921
12.84611909	4.294252376
29.13037666	0.142137148
16.65649276	5.220150413
12.39443906	28.22026591
34.74334604	2.44900773
7.294895873	2.055203311
34.36408498	49.657108
0.468755517	15.18370854
35.03818172	7.868192059
29.60372243	9.506417365
36.55723186	27.94548542
42.23212118	48.09894821
20.13683049	30.91931149
3.074177943	27.7689879
46.20545043	13.42432625
46.88726776	36.04918649
45.25776282	26.77830279
39.69697143	29.30127506
28.83398873	38.74989482
7.063489566	31.03678476
2.703345854	42.64572291
40.45609691	13.8037207
12.22431294	16.59866752
41.19504055	46.60686751
19.98238056	17.012825
1.705408936	4.236603372
44.0192015	47.33845166
44.67362524	0.377674244
37.13076295	12.62952227
47.45665385	31.53766259
39.87661824	17.00495717
36.95130997	11.39617874
40.18642274	7.645193857
18.23895453	28.40669461
32.32513227	20.15474109
17.32622224	38.23618365
41.95817954	38.09446179
28.85086627	13.81043916
45.2600482	7.122916391
30.39369132	25.95495798
32.47414075	6.241908073
18.49810632	25.11655655
48.30444909	19.14297025
45.00792022	31.78967504
43.71223512	29.92720443
42.4464334	6.089259261
46.31210412	0.005287578
6.250837623	46.72845124
3.709011666	20.71486442
9.240699642	22.02913066
12.20388874	23.68593167
32.52350507	22.46959321
19.77845732	2.725506283
20.84977583	32.05316317
10.30573008	26.21853748
11.57741542	28.39281088
27.4509414	45.04203691
18.22046799	0.270520215
31.87365363	47.62248124
38.80901369	1.147102309
27.68760013	4.533206514
21.46620508	40.48596795
26.49807884	46.77139788
48.07173613	4.246530883
6.617141485	24.2384271
9.781592394	43.13889203
28.6229866	44.18624474
22.01998571	42.47249417
12.37618165	34.96199882
0.369246976	29.988327
34.50925197	39.13557908
24.65416998	44.21422928
48.94140216	45.21598917
35.20086365	34.7797273
46.56012119	48.66937108
4.906412024	26.51994889
11.42702134	2.745361682
45.88478498	49.89265764
30.67527658	21.16151436
19.63461484	49.06413484
10.91523283	8.999177274
13.70800922	20.0233505
37.47532824	12.18342734
2.239939929	49.56466469
48.29283143	11.09649983
12.73821632	26.17822395
33.83483484	32.53566788
20.70325375	36.65871059
24.29412418	34.86269325
17.6842135	47.43956012
0.777712093	37.83242961
41.17769196	4.756684145
45.83546192	1.196502731
14.59371603	32.49111576
34.62829218	49.80663084
15.56387219	49.39314802
29.06830345	4.970142004
39.7851541	3.899086201
3.926496372	1.840306459
36.14237652	27.4681972
44.03035524	37.67024642
42.341556	44.14141871
8.948105749	35.48436525
29.48129845	9.027131244
36.04094761	29.84347125
40.86618115	2.473891176
49.8104487	39.88907607
10.97058209	26.21766966
11.20199809	47.19948055
43.76255581	46.39142151
32.33962058	29.22041602
27.90065378	12.89477898
14.95127013	30.8785661
20.00924712	47.09866668
31.18702497	20.4402827
18.39235064	36.70001204
39.71902702	5.981268705
5.199175971	32.93699037
32.20092593	1.138887791
47.97308	46.763791
37.15957015	27.0588806
40.45755048	5.119896011
47.60961965	32.07587707
19.17242926	38.1930702
15.8720273	10.38459742
6.603265816	42.62048661
31.3997725	49.45000503
47.61291532	21.37518285
40.16455565	36.23723028
26.09319167	30.78962028
10.6771429	15.16592284
34.37707046	40.10237809
32.64867099	17.87544802
47.77616506	33.70594736
26.6920891	28.10827832
16.82762677	47.12876708
33.95604151	9.816209258
7.13415968	16.86794372
3.460137431	14.19646202
31.55050274	36.6624361
18.37300793	10.29852145
35.00232325	15.54214191
40.78844658	19.66691092
14.65768535	33.218141
29.78039437	29.24086585
4.004038089	12.91003665
33.99498896	47.00288839
47.67373859	15.53643362
1.808075027	24.81384543
49.42674221	13.07331421
27.7730435	29.5131195
23.66655701	8.984453256
25.67659176	2.058929709
1.258553505	31.58454042
6.656479496	2.54507584
48.41434162	38.69598323
0.094975796	0.817877644
10.54157189	7.079144236
1.721863785	5.842683054
36.55098854	22.22776662
28.10871805	10.84582523
29.66321175	1.605006585
11.6839799	40.80717483
34.12557032	2.899451992
23.1952313	27.94107615
12.93100608	22.21149651
7.267793907	3.721019273
16.54962102	21.86580248
21.35919585	20.01901771
1.942554789	1.204602511
4.948270691	14.24850178
19.61440247	20.2112384
26.31638065	32.71008245
46.68995893	24.66766926
19.62628419	14.84659179
27.8151831	30.30036835
20.12086791	43.13795302
27.81687471	32.17777244
27.84195928	11.68083192
28.55916476	0.442808712
39.39487063	40.65241066
34.13782554	5.601691776
41.76619457	0.731663589
20.17873444	32.74379044
31.74551684	6.721187071
47.21325816	17.90062557
33.32208626	3.274840899
24.7045839	25.48918017
46.08729684	46.11203661
35.50042695	4.310957076
10.35410455	36.75006286
45.47930498	38.42636252
33.38930875	18.42191253
44.36112499	43.15073108
30.74149156	36.67212337
39.05988254	15.77368371
19.79222526	39.24080589
26.75594546	46.1511943
26.35508638	28.98258614
2.260155727	16.69618541
7.691552539	26.55598346
7.177335932	0.962046622
37.92577736	35.31992563
26.48698387	6.178958672
11.67648957	11.16459883
11.83366607	4.166301299
29.71547733	12.46321257
42.24845633	2.394385092
3.592229522	39.35917991
3.933700533	27.03157634
1.09245265	21.15812805
39.47628416	5.085324973
22.13158786	43.41807757
18.20381765	1.288621857
49.69612239	17.70627422
11.18639871	23.23939809
35.2733165	32.03716555
6.73823928	38.96134704
14.79965742	45.64301664
31.43813321	3.929664663
20.42982912	15.06217455
46.11692185	24.41579173
33.84548905	28.23087759
48.9664573	14.22225021
29.04638101	22.68483236
35.69367611	40.39554689
7.130165814	15.18094819
30.79319527	40.49247301
16.68243637	23.09511603
31.13647088	46.42765655
45.75814122	26.53236658
6.633287447	39.57021783
34.97337658	36.54567106
46.76788193	44.8580483
0.006592167	17.18709345
22.76385474	47.24981286
9.468077148	36.13739133
22.63072166	18.15977243
20.83304698	48.96141452
35.24799722	18.31560919
3.281918677	41.15653721
40.65444447	48.60080277
22.02860782	9.833693732
7.573168763	25.74976371
23.83960739	27.18201578
25.57420515	29.51952906
41.63364076	38.98932256
17.90568211	36.31044525
42.76164178	46.40775864
38.29446175	5.258798893
22.10175359	21.30849742
43.42898654	8.755648408
9.953729123	17.5356796
48.89496438	25.14057488
7.608961733	48.75228399
25.19803595	6.412942046
35.98009061	15.42359402
41.72562518	41.7455276
9.219883445	21.788221
48.23272251	37.63722938
21.23955072	41.86503198
3.46931614	13.9028633
35.40220354	21.19618516
47.57710576	41.22368824
49.35771639	3.292386115
33.50036003	24.60405876
34.73448765	9.041126206
35.89045311	2.22089454
41.33251288	8.545403962
47.22784902	14.58622545
43.30556745	46.71476847
20.44692137	4.848145932
0.018800623	11.92709065
26.83497904	0.090786291
19.06078129	26.86948779
29.86266492	9.007631983
39.66853571	20.96453335
0.726364885	44.46272853
41.79285553	28.4154041
6.545159519	17.90389539
3.821112888	42.70025748
43.88051394	25.27357927
19.85952922	44.75755626
27.99911713	48.77936643
19.93208741	30.43808538
9.682453061	36.7385856
31.37881576	20.99328682
0.350396168	32.1832329
34.97382304	32.83630867
13.94080624	29.53420569
17.37779226	15.72373871
16.89023853	40.49275213
26.71496339	28.95287081
20.93016653	18.45958204
16.22963118	8.810213441
13.81433706	47.09827631
39.31844717	22.17960765
16.65501901	34.03368538
9.857120361	0.349696807
13.46785899	3.251957168
31.00502772	36.108487
23.79259992	47.84914632
43.76110437	17.23079058
48.13564698	39.71366253
42.66510926	30.01400021
27.95363571	36.07441535
14.6777559	38.07512804
1.993203083	16.74596132
25.51962351	5.342122798
30.32660496	34.01102569
45.75540389	30.61747274
16.44202428	33.2766399
23.28510881	24.72600781
22.49611257	49.77162841
17.87164045	42.75583922
4.518340201	44.96755586
47.30829681	11.68726466
3.17293231	0.667097152
28.11474949	12.38430488
12.94002055	32.01321326
19.38542202	33.79410729
27.39985108	11.24640138
47.09384348	6.646767652
38.53647092	46.65693836
37.48626007	39.49980274
3.62648687	36.55876074
4.04039839	49.61219877
10.83371126	36.59580578
22.24557767	8.760084181
2.250620767	8.917917678
17.60095496	22.99920907
30.15083585	23.44751888
3.925711136	46.5147296
13.99053423	37.07808943
20.5230156	3.146268785
16.18560746	25.20439577
3.133516511	14.31041152
15.14092659	0.980071871
15.01400355	29.30500008
40.04207254	34.11117251
45.50447944	43.37683537
35.06345253	25.97940511
2.586325537	11.72235441
31.71815153	1.353602141
41.54159896	10.20928607
48.71017951	29.01916454
33.03215753	5.763459049
35.48964584	40.51115347
2.149896195	34.02859
25.40095422	36.18930091
29.42411143	14.43070805
21.17780621	12.45002122
30.01385995	2.990825997
40.41401107	2.924680945
40.73972051	5.997516079
19.4244878	26.1303205
44.47863904	15.44020123
0.684880322	42.83944173
19.42893556	34.59217199
1.087987377	28.49146347
39.84889367	5.809471786
7.766217439	11.41790112
7.715218911	6.894329921
41.75295116	8.798712847
33.08913692	9.307164573
41.69053628	29.46699394
10.75118111	3.821048628
28.33949794	3.1936432
38.38278674	9.761533195
3.955628489	35.5222726
0.314333625	47.47269109
44.21947499	8.675647538
6.38951762	44.21861291
35.86434892	39.62545339
26.66335336	26.0099263
28.82603314	4.119619211
43.00750411	46.84254504
0.941860143	14.77237373
9.047193587	47.94578216
35.18163796	39.67645902
5.110935967	1.900673612
34.45805827	21.28712438
20.03803167	7.333009406
22.85482117	33.18632341
8.16624856	7.794613771
7.212551647	44.34440098
13.59142757	18.80983003
7.313284416	46.52840351
2.770043047	35.64388345
36.84670366	23.59100813
31.07527922	49.99984011
12.51307773	32.55464946
4.113043203	48.54384099
7.872763354	36.20197273
4.381728908	19.05190589
8.708160184	17.43958071
48.89222643	1.85096348
33.39300327	23.05628352
46.08452388	26.09354093
34.8028103	13.76756521
31.29846628	26.83526875
15.4234707	21.49238388
35.98078229	31.13620349
40.6148572	24.92161562
49.53658799	21.86820237
19.16224727	19.04093258
12.25004843	45.44786423
43.38699168	20.175427
48.79852826	16.26095047
11.96419895	40.83158119
2.321594529	11.98241793
47.68587587	38.07441289
46.29821273	35.45662296
30.75140535	34.45292716
48.38182988	29.97935263
45.08805259	37.63567613
12.28460274	6.787906031
0.707122007	44.02755848
4.242008558	41.23897948
12.04209142	8.067464981
43.82414896	21.71990756
0.070583231	8.451484193
32.38253662	23.93363259
20.37936979	16.80487909
13.00232719	8.705053523
14.20346886	22.73529812
20.46614592	43.29492798
28.83229617	24.36790706
39.00392254	20.40886502
6.971241296	26.19531605
20.73054942	12.74151709
32.29404935	33.64974007
36.84393278	19.61408219
9.120380303	47.46821516
9.034791883	8.353689283
40.42324409	40.7983173
18.76578913	38.8613306
31.72913524	33.43765248
0.714512086	1.82830453
34.40468309	5.475809952
38.20441753	48.2100887
40.14246695	38.4374176
26.25177799	25.13384882
4.241724789	20.87385751
30.65725211	26.0830138
17.95391367	26.8658277
38.14631626	32.25413839
20.38507051	38.52577107
8.689619042	10.15922565
14.43040215	38.44754076
19.44623655	0.231374898
39.40359645	12.16407531
29.68845975	5.53889904
9.757793857	44.82207587
20.42856183	18.83245964
41.35658523	13.03487678
17.22035473	28.65373751
27.40890447	49.00690134
3.093270568	14.80392657
27.55689785	44.95727456
32.07036536	40.00927691
4.119632549	13.52360155
1.680196463	19.78496519
17.53282004	41.58850036
22.16888036	5.332462196
15.79420947	48.96322879
45.88612484	7.714014907
48.87179202	39.35293139
19.40111357	31.42221895
0.44273941	22.68717711
1.507386723	20.54701355
16.06571091	6.37060752
40.13583298	9.688275163
43.86530904	29.5831951
18.71907747	27.75871274
29.09273481	8.633720947
31.07265853	45.41080643
6.125587342	44.9953041
34.18217728	3.694277416
2.610170517	33.03584793
5.386187428	15.63269459
49.38327703	4.18548762
13.2722284	22.73364514
39.48603789	15.5671902
42.1113297	23.36876511
35.96705306	13.57436017
7.674792741	45.65270352
9.333220151	48.02316129
27.03620976	45.17518744
45.26977832	40.88547218
26.8914068	37.7952787
11.13334034	36.35026875
39.37427875	45.63378394
25.31963668	3.092761571
6.281912488	40.64641799
12.694228	42.84317194
2.562778848	5.735080626
15.70146985	16.27156612
35.29154237	24.20305596
33.47900989	12.40348436
2.270616477	6.295771552
25.75279122	38.33868845
27.22122392	29.11173361
13.79421195	40.22949831
8.470798402	33.80029912
39.83406297	40.10297056
39.73958019	48.06004436
25.59671337	41.87724968
9.38234206	31.44198948
10.11564977	26.47431463
41.92756729	33.47283622
22.98693387	10.74638953
36.93287702	15.87974945
10.01822371	3.718876324
21.24572843	46.3953916
25.86469717	17.98246634
9.797532746	6.256253232
8.425184772	41.70745945
33.4817217	49.31905837
24.81529501	3.713150497
33.27920762	45.22297177
1.660783753	0.201991746
31.17545935	26.87820192
12.5581535	5.711107231
22.82251403	28.04138617
44.50302625	46.89085423
17.75092163	10.28859849
46.4385278	40.77539586
25.90552647	6.265719223
23.76169471	21.83277918
3.057455761	37.86041888
15.76603606	13.9971909
4.236418486	28.37470751
17.9898345	12.60328404
21.68041745	6.620870528
1.762322037	48.99885495
12.01707302	19.44989579
27.32275872	21.05900835
7.523618376	31.39898006
18.74172758	48.53220649
33.17970059	31.52712766
39.11438663	28.48077792
28.10423798	24.51379016
42.89794953	1.414526774
49.41037923	34.64692379
20.68780887	43.2151041
42.39699709	22.2597003
32.67316705	2.897156057
17.18100293	11.62628145
38.10157752	14.25556088
32.48219627	42.66166379
37.8457966	6.943202872
23.91416138	11.07852517
16.55004838	18.06236181
42.18019302	37.153892
43.78513885	3.083026458
47.90779654	3.276841682
33.48779407	34.76950955
9.084441014	46.91201588
45.01842016	43.47606545
16.0040556	20.93430318
35.61619536	0.770012268
17.83510069	21.23531187
38.43602746	6.846501987
3.8449079	14.72069723
45.5698543	44.44223132
18.19443788	11.81027797
12.19556916	49.33219336
48.7126211	45.61349934
8.525796416	48.70940949
17.98627477	26.0540799
15.49040131	1.85874861
36.45532953	27.99193727
31.74848826	9.396143097
35.52114814	39.00885254
8.029088449	23.136739
18.02112873	47.21409018
1.300926121	11.39183796
23.24263345	44.19506939
6.036377473	43.04621158
49.68700651	14.26189059
35.09145431	33.10435805
47.98699512	37.06091099
33.88491935	39.57953656
12.17024451	0.721177146
33.52116936	29.08248518
21.29019936	2.089477981
2.883394264	13.16950481
4.786874854	26.99980843
3.793776175	48.32070852
46.46490079	22.30320989
41.45505819	49.24796284
33.90621922	14.27592031
33.10078877	41.28124997
35.01865354	18.9313391
34.09971526	5.114310707
23.79048727	9.638223789
17.07561947	21.2456601
11.27650765	37.2650024
38.74108824	15.29678188
29.79647154	5.993897004
46.69808315	0.573522254
40.06531576	29.68077164
30.03424564	28.0922738
24.98263111	46.94538746
25.72129651	23.50002995
39.50119221	27.89294177
29.57372472	28.54545511
48.39783559	23.27176304
7.313511341	38.77549296
48.4339465	27.52419205
12.15167391	49.101906
26.25620631	30.84945014
12.67998525	28.41297861
23.8633486	24.36205075
15.2152162	24.97546214
38.71304404	36.25599789
6.620674871	12.01150432
16.71009002	14.41878824
28.31817416	46.02198009
30.86256991	46.53752043
10.54105105	24.9628352
3.080108201	8.933622147
40.58066507	25.77474908
44.95249156	23.33103121
44.55444949	40.73131503
30.68112248	14.5575383
6.596294421	23.04227325
19.11667149	12.01054564
32.25521868	40.89552732
23.0540286	15.37330829
47.07383165	38.88090558
33.21964804	22.70791624
15.03715054	27.85197045
4.687163163	1.102670129
46.31569373	27.30919687
29.05918709	28.44986441
8.753019397	13.71774759
46.13502628	28.8266526
11.44331477	31.0844558
40.05810245	46.40278261
29.31955733	47.0720573
2.822799362	33.66086738
31.55199431	32.36065027
13.23977457	6.471817762
47.10978676	34.21349462
24.40182897	48.98093632
29.86308335	17.11181252
48.79244821	47.30435944
18.46935819	7.601569257
15.13103677	25.50127569
37.74859653	26.22468123
0.385450223	41.44634235
29.37474451	46.81553762
11.88732688	35.87805297
28.93199425	38.7134042
12.26528422	11.24092324
26.42460975	42.74151265
18.51281047	48.63785748
0.005100985	1.178471649
39.86363834	8.847560602
25.64481105	2.392662927
13.89965302	24.25911809
7.604021921	41.07908563
18.32516357	18.0942959
24.04451065	41.13522799
21.15292267	1.260814941
42.79439671	4.408725563
15.75129742	44.6915477
47.75831959	31.87204595
6.065349008	8.617595999
28.24979376	48.77225962
19.86405389	7.096379907
30.61600317	48.01852108
3.277269372	33.45572134
17.06747976	14.47060611
1.830709174	45.89877539
26.92656582	23.277837
22.42021021	49.6730995
43.26404334	31.11834112
1.551259117	31.44789791
36.86691249	8.99390922
31.55352209	46.39967394
39.22779059	25.97541018
44.66815207	3.231132299
40.31102685	30.46635758
18.9274114	12.72551642
33.87738608	35.89075032
3.263139072	20.26948836
23.66997076	47.868632
2.390095836	26.62991507
33.61889068	5.208607791
45.81195372	37.77303612
10.71158361	39.1897055
43.36156526	27.0796813
0.148611101	40.37350992
20.15017425	49.56276704
43.41687915	4.964917538
45.27248802	25.69578534
45.91757162	40.68019814
31.71187438	0.032464603
7.074868341	46.9252971
18.11348222	42.57377596
30.29981982	30.25399513
16.96742459	30.56263374
1.848337013	32.14693296
46.82295257	23.88048847
25.07344872	2.822948574
1.955585374	14.60509745
18.03506221	35.23964548
0.037074632	22.23537318
42.45812639	13.3414973
33.59640788	22.10095764
6.062765225	23.45363548
45.35080778	36.88204275
41.92568787	7.948404807
8.882327249	47.87279059
19.50668317	47.16820906
7.625657482	4.585868563
39.18882435	47.87331076
4.815393939	40.76855419
45.08382374	25.30622151
39.97075825	27.00856099
28.23818869	33.83549867
1.838359947	17.64626949
13.19943971	40.76780588
33.31653162	49.76830626
8.825592304	4.978445349
34.44678709	45.83648741
29.06746457	10.92931107
9.487243921	45.91912605
11.83307202	32.00849375
3.146790532	14.78261486
43.82620112	34.48254639
43.86745818	39.43802693
45.64909038	48.77056172
9.183290454	36.76275936
27.91197528	7.409895193
43.03179331	47.26393493
15.49715484	12.41727162
6.762774307	36.22965347
38.58750533	48.15290793
42.46759284	14.89930856
46.60271027	9.104848353
34.59081832	8.407672385
31.0225795	35.21972376
41.52110221	28.26922279
11.60004893	25.39569259
38.65757991	41.58849734
14.49184272	16.87917479
1.33169751	47.0250536
6.177782924	9.59763639
11.84226852	42.571733
32.99778658	34.8862705
29.11790051	2.388768043
9.344169728	29.77283313
48.10262871	18.79538481
39.53252387	31.61042724
16.72235905	3.042792996
37.05114617	11.60252254
49.84086809	11.12688051
1.391679852	38.63170661
42.62066238	28.08690403
4.185967515	27.51203678
44.93281128	28.95735141
11.69375319	39.32783232
43.35838449	43.13171703
25.91484201	44.14948339
36.20470308	9.489108106
40.57631763	47.64911341
17.51027746	16.67929986
39.79325573	1.451803081
38.73212673	25.39275091
3.522751916	20.04465696
19.94310963	24.14872519
37.01101561	11.37450233
46.19033487	47.27267599
14.15265685	9.786100833
15.32889841	0.818818352
44.26492349	28.27156625
31.10676604	7.958967299
45.35528874	35.04229654
7.205147167	43.68984268
39.00166378	30.17265061
30.75779395	43.28595168
9.666855757	30.17052501
18.83432412	8.254997047
40.14761054	17.3111099
25.4923434	19.81578277
44.66213585	33.1585179
12.31422893	21.84473654
9.020783928	34.24941231
27.7023288	34.15220466
27.19194724	0.010044253
34.88507012	44.95881459
14.73963054	43.83710459
5.306881933	2.169079681
21.09999744	26.9196287
20.95283442	20.94306424
9.953945698	48.34478585
45.64699763	42.42613293
30.12726795	23.1213683
16.40732748	43.94856329
7.470428643	42.0512391
48.95529522	6.009753293
45.02611049	30.73326751
45.10419209	11.4270263
43.95204931	1.909155076
17.41147215	23.7609768
19.43544216	41.31921537
1.895544968	9.265861189
42.11793696	24.77574375
22.08374796	15.16753788
13.16460191	30.99027727
16.7706666	11.7056708
1.783450341	25.48308034
28.12154405	20.642756
28.20686413	20.89139966
10.5668282	28.2642492
39.3297318	49.48468986
19.38251864	1.179190679
11.53746319	13.0068228
20.74347317	48.67914269
46.61045674	7.96104737
36.95906949	39.57119896
41.88178322	40.39299495
11.60399171	10.51411229
21.31720368	32.02497306
42.94774882	42.45986071
19.74678126	30.6994065
7.488064451	5.869009667
26.33586456	9.853996625
3.71050442	30.01546894
32.75720255	33.06646307
22.30155568	5.325248897
23.6879408	35.63870911
45.44922425	13.22184115
30.89548076	15.87142157
5.508792636	41.83930097
45.38539927	9.601638883
21.89091725	34.34697095
34.19687257	19.69463609
29.03618265	36.35477196
25.60543151	4.122202242
44.20964049	16.76173397
32.2309053	20.97862819
17.66831067	26.61344382
42.98612155	40.21805804
25.42632105	6.075868341
5.553357198	23.41149548
36.32714505	36.004594
3.575690934	22.70817839
12.27652001	39.87089971
33.89029522	34.31187217
12.30790172	39.11574646
9.796822463	13.7489833
19.01586508	24.21730409
12.70499592	22.84956761
47.2055868	41.8192994
44.53334161	15.403772
16.26001571	40.11352192
2.452360073	18.06155987
5.992010467	11.95786827
42.18131131	29.75925451
15.74834064	3.31210617
45.37752588	20.46760621
43.22486775	5.685423929
0.545434549	34.27658266
45.73818132	23.52629691
35.4851484	5.685595845
25.72960933	38.27676078
31.00388881	29.1953252
3.938341273	7.598565922
37.07008398	21.04707049
5.754134767	39.33916386
35.32373506	41.17438669
1.482590495	35.12478184
14.68168527	24.85001713
1.33833336	17.53838355
17.63919112	43.16848325
0.167263127	36.01418046
19.76546062	5.015097301
31.26204714	3.013610197
46.94379963	40.28861246
10.2860451	24.03216457
11.41009566	21.13257356
12.71081489	9.452565253
35.52785611	22.71769972
25.17867193	1.625493675
3.940271298	7.54431499
2.474304549	41.05840717
45.66298118	49.1775482
9.611922694	1.353103345
48.2240548	42.82788869
46.49607436	48.01792939
22.05251746	35.74096414
30.41423109	23.89734308
20.85445133	20.35366641
26.48754771	31.28548856
6.859076572	15.59973484
10.12627771	48.11146286
15.40770025	35.50415609
2.907380701	5.088011258
37.73718377	43.25954564
22.0240624	49.59028197
9.74855337	43.03245788
25.09829945	49.10706844
17.41091525	36.0443588
21.38449983	44.54604295
24.86218349	11.26904496
23.81452179	23.82658449
30.79488763	11.95358976
10.38235577	41.45141047
7.731760971	26.19104984
40.73245667	40.62558641
40.81346772	46.59306485
40.96900298	14.09373887
16.03024616	37.37685658
11.78389917	29.56525505
19.23837509	7.465412602
38.12951083	14.40917635
5.044240658	23.25703157
23.33054853	43.63525482
22.37636538	42.11604351
29.38152086	3.410126676
20.26206629	10.71996811
41.09167095	28.76201571
5.611575752	14.69872586
4.90915868	41.95487863
18.81872946	46.04056152
30.90101308	35.11796603
24.03152838	6.544038414
7.961316123	33.26678042
15.10703759	37.48389015
45.74393607	42.52541181
24.39271761	22.14819555
49.45209603	39.27928073
14.17515543	44.32705639
30.03616992	0.495243112
26.06122875	20.99881653
23.16315772	11.76258969
24.35907598	23.03846625
9.379277777	15.11510398
0.493811465	35.49236945
43.04372588	24.81326772
32.68197793	7.44920791
29.63641639	48.0099344
6.553923566	42.74575727
21.84271105	21.85428455
47.49608468	7.44357389
42.96748536	28.59589903
14.96349604	44.88312689
5.523696091	21.57932487
21.89825519	46.90312204
24.02927265	40.98567378
38.4918033	21.75283638
19.70234842	20.84825919
38.73702158	39.4398528
45.85268549	23.33422186
21.85952188	29.99704479
42.90456423	33.18977288
41.10903902	1.957618811
44.24917683	8.269397523
37.97852868	31.14306263
27.912112	49.24887239
9.403805122	6.912456477
47.17080342	6.258852526
5.639286834	40.26099894
40.00434712	10.27656855
13.33804463	12.58349412
15.65552166	23.95946495
21.60725589	35.26843334