4096
37.92226386	28.26296822
32.08541902	5.163828626
46.57119394	7.941880139
30.70850165	30.33517477
10.34445085	1.514085887
26.6893988	46.15693832
4.338942538	44.85408822
30.16751484	12.46088353
13.76997975	9.571642959
19.10068141	14.39684963
12.92857535	28.8999465
4.992758867	30.78547245
33.39592923	36.44985466
49.33401069	27.47786739
45.66861863	49.11314566
15.19372705	6.711119387
36.59422971	48.28021274
36.3956785	3.262915563
22.30987438	5.539852585
33.38233657	27.51353427
14.84593796	40.4464854
6.015342011	35.37035124
9.733265487	9.286219652
22.08988771	6.935988001
15.95662376	46.12396122
33.07633157	20.99100104
20.60509556	21.4786104
15.97929489	1.081530172
40.22821673	38.10060442
2.543561794	49.38559431
17.60142605	5.964098931
14.52847801	28.3011369
34.49675636	40.50950439
41.12054774	45.7527444
22.10401122	22.48776865
0.588994499	31.30050733
32.038464	3.279192138
26.51256924	7.882105772
42.39321132	20.1846756
37.7398857	46.26224106
47.28652289	29.42826431
49.05641758	30.48215156
4.898632124	5.443132233
23.34113888	31.7689669
44.68846111	29.0922884
22.61314375	8.361839899
21.51818571	34.93263193
29.50977565	31.385313
19.02751908	31.10305706
5.464322112	42.79072038
24.95862579	24.83958799
25.12786921	31.75510111
33.46252919	35.25568885
18.05090424	41.90878158
40.04686759	32.48195338
38.63058776	14.54336171
25.8203705	17.67071262
5.733901679	2.760589924
24.52134476	38.88652803
10.77256574	7.260428759
7.962228955	43.284486
29.03436387	36.99488718
22.06612329	10.58350701
27.57138835	29.52784119
0.009351215	38.74528272
33.38928892	5.893775506
42.65960993	9.165106118
47.42498603	4.517160538
3.105921095	45.77501481
18.38712824	2.903594517
3.217996561	38.60640662
0.401728528	24.40531604
13.42305475	10.61003787
38.27237186	23.39991414
43.60373555	11.59665104
45.33098322	2.525145014
38.11148863	29.56522928
5.902566776	49.05754645
5.545035264	18.47266059
14.44326397	9.008594097
23.455092	34.78429487
40.86875982	11.8727956
41.84528964	22.25711913
6.465276278	42.21660619
27.79348639	31.91622721
40.24257226	11.36221
0.556741008	45.45647067
45.30089542	44.86888979
44.78228065	5.908678938
7.474548971	30.97822133
44.88636242	30.71674665
28.84821053	30.43838034
31.40524576	21.83933677
6.537013162	24.17168
12.99969423	0.590718392
13.2093768	0.475350818
33.96439374	44.27876456
23.65235337	2.087328241
5.709589002	7.476112768
21.42639562	28.21265306
15.81444876	16.82818236
22.79143242	21.16154394
18.92176942	24.87632378
22.39885695	15.73222993
23.85745154	7.782415566
15.98573108	36.83923649
31.75433639	31.94187733
6.736791951	18.69232243
3.599190487	40.98465167
25.70487077	16.99375149
24.13662435	26.87425115
18.68140195	27.78926983
7.59727037	24.37653945
13.27878283	36.85692193
24.69411282	7.675752946
23.07878181	32.11734568
9.848070393	5.199717307
25.16485035	4.625322694
33.28435117	31.79991418
3.365801061	4.198561721
6.403446149	12.72957508
23.27242178	39.68166797
38.9366733	4.019391181
44.18848845	47.72701044
44.48383013	31.67793168
11.67572353	28.60504276
3.243279814	21.8804735
45.34643489	3.152969556
32.62646935	47.40700079
40.53172443	4.588499557
37.94093084	4.745755678
6.512893298	41.79197548
49.74775551	22.56010657
30.40256911	35.14357632
44.39205099	35.27388651
7.904015522	30.64654587
42.97327372	39.34152973
22.80742651	24.75809178
49.00000692	4.613011435
12.25088624	48.20258012
46.47275191	36.30720673
27.51399394	36.31279481
19.65809332	22.77330753
11.20785119	39.03334484
27.39961398	34.01153892
2.997790278	0.139447555
29.74645663	46.54727181
14.69313956	41.07587313
36.1410526	24.80486363
21.30022462	6.555563129
28.73162797	28.01246374
28.28145792	22.86968006
38.96721568	1.78230957
13.83448796	19.13010976
8.296996329	9.951425188
32.54226976	29.77520903
17.83186118	29.18095754
49.70664973	19.70495495
32.56772436	28.91582996
49.54180914	16.65790656
2.433356149	46.92384868
38.69730302	35.04846165
43.63421548	21.94482986
29.39877777	2.211633657
30.29631665	2.042102842
45.88804286	18.83402658
25.03411446	7.055842625
40.10679191	35.58619301
6.891125406	21.72564897
17.92062782	49.87775102
24.89441261	29.0073754
11.60888134	9.115647413
38.33069184	32.30463791
26.42673491	0.631917851
39.22742676	41.60679827
19.98206716	24.54683379
35.01588082	7.281005017
26.23199304	18.46408838
11.99025526	2.89967823
11.56113801	46.55269687
13.07045256	28.80202586
27.60726916	34.32677835
40.47575374	44.27846822
17.85166877	33.13784011
0.559297011	47.64945737
40.55884006	20.86086467
19.52127313	23.64209023
44.2897573	15.21715449
12.03900304	45.03848837
10.74177418	13.89170599
43.42919962	8.389407806
13.77348294	6.495571282
12.19082797	12.43497752
43.91731766	49.4200769
49.00561827	44.08753646
21.58325192	46.60430262
17.80451643	11.8322826
36.02019521	5.42642275
30.82512472	7.965177128
1.281078247	29.46977049
28.47475088	5.355191394
49.07989115	48.01991867
27.3633758	26.48071188
49.25233355	5.913455672
0.815884875	23.93465827
7.152961402	49.57316091
5.285156368	34.03391438
7.874793991	46.60176004
34.18111785	47.87284963
27.0694387	22.19111877
8.714579953	19.94741715
9.007398959	4.064905311
6.548634984	8.236908783
34.83259442	21.29961686
46.47757123	49.2152521
37.78173661	28.6317931
18.65097114	14.15379498
38.6889964	27.2595978
28.86152069	18.8657896
49.0111974	8.923031889
38.02255307	2.874947255
35.2115418	12.32319916
30.67498132	38.85352718
17.93027643	31.12949177
40.25711816	31.23632325
31.96022057	20.9394257
19.52112791	7.786351029
19.21110138	48.47389169
7.024511907	14.83930096
21.99705292	38.5190273
22.14992115	14.59399336
42.25249293	28.6471332
5.216210474	31.05549533
11.45521542	23.29166129
17.15891078	35.37414074
28.6904335	48.45044005
15.22947084	2.755464552
46.29924081	44.46356487
25.14466082	46.94808564
23.54439026	23.40508319
32.86629802	37.93218444
33.23384768	7.961115203
35.58954173	23.81735421
9.398706343	9.826804355
47.64466714	5.254706744
1.083623307	32.54580131
32.56962595	14.5832859
6.174817026	26.47433518
6.663084954	23.56450523
47.22831388	10.52734909
24.89920903	27.30815909
38.06569109	1.450356207
16.97820364	23.58306082
39.33850295	47.84917261
45.76235559	4.662429374
30.54658184	8.116646494
23.27063107	19.78361749
3.324599575	24.99372501
4.404854301	14.21706679
25.17194287	27.69307817
13.03312775	6.908552048
10.87545724	33.05961745
31.90638895	6.614288785
47.03028555	20.78271496
48.00682548	39.44335433
29.74293614	21.23477883
6.538515302	28.81174276
43.19767341	40.75704216
8.791712212	17.71103214
0.517226994	34.66415164
30.3551768	47.67290861
36.1885387	2.815144413
0.493708265	7.005129583
0.697902488	23.92666354
38.20858765	6.147632139
36.54723681	44.32821721
21.42903754	12.24320207
39.22153072	1.068213402
20.32519799	48.37972909
6.682904667	8.174599642
18.87073851	43.4955545
5.684426124	9.784244457
38.77398018	5.926918798
17.02105777	42.86541156
44.03265495	26.37289318
11.52201518	49.75959397
28.64887881	42.94135236
49.12793154	2.467733774
0.053432286	43.10985822
30.33311191	23.41259386
28.70251758	18.32367195
25.74730212	49.44843988
13.59912248	2.778084388
20.19362459	9.781377155
23.83699802	25.3030229
27.63983101	39.03072019
21.80988804	25.77495735
21.98549746	49.86368495
44.55159656	11.25157501
10.61413808	16.64721861
48.46201834	14.86117789
36.2238989	36.67510184
21.44041058	46.64373455
11.63213064	23.63318925
42.19239879	42.17347139
0.84691784	36.57037035
48.63082937	47.28732185
4.436748363	33.35482791
34.26465936	28.39534619
11.88918042	17.62489563
21.28721292	15.56668287
19.62042603	18.31232909
29.38549446	7.014264489
9.544765018	5.18233925
9.386309742	31.44801401
17.29435965	49.12077271
27.64798202	48.8899548
36.3997393	28.97246816
29.27387447	18.9911711
30.32932917	42.54034813
11.38946327	11.42328069
40.20636174	39.53120937
4.769398588	43.17155287
47.46373133	21.48824434
9.332712942	28.88372491
14.12003693	16.85224809
49.23298192	16.22929571
1.329036792	29.44155943
37.78865753	29.60666587
48.25554124	28.08159753
25.05247872	39.76377686
27.84004395	16.10806307
13.19116736	41.86550382
49.07005698	15.40650037
31.23916628	6.430347161
7.23660051	15.22819069
42.93462005	47.42863659
12.12830923	14.84904043
2.052088907	19.45030197
5.882443549	13.50437423
2.062553315	1.013003361
9.803153593	6.170978114
30.67824892	23.90628586
7.601439892	12.13508513
9.720443188	6.283409368
32.17621136	36.342293
1.045426552	41.79120879
5.921901991	10.04190717
34.90911181	20.03987482
14.99870692	31.55544721
10.35924079	23.65441595
29.59216547	4.394734656
41.54947626	29.73959674
15.56599382	35.79091433
42.32881311	40.90037771
36.11902459	42.30278126
7.302698476	19.46235092
45.49606232	23.63115922
17.06078069	15.45676688
22.88644927	37.46085958
29.88721928	24.37323897
33.79631374	5.697592557
43.99447927	29.02678389
9.66641315	32.46907108
37.9890501	2.193900306
9.212924096	25.62864797
46.25718469	44.59839635
30.31573233	34.29154891
28.5810223	43.5521613
6.974886892	36.69632837
14.06659056	22.33651555
12.61284447	35.47735069
17.94741272	49.10884099
41.46880457	13.00810069
34.68493589	32.63672519
26.13537815	37.15586301
45.06600615	14.26336267
23.3360732	30.04318082
26.96809655	30.69201786
34.41217083	26.09345872
26.08781631	27.38662253
45.52466914	29.0272648
48.61642874	36.52014927
29.00030128	8.598356673
4.841022236	14.23171098
48.34935445	29.15058001
1.375665137	30.76870219
26.72490874	46.92431025
22.53904774	48.54562958
12.76120663	11.45586032
9.918283285	49.38147673
42.96034357	23.71176095
24.69264168	8.988017802
29.28224433	44.89970959
1.05263095	34.4049222
45.30184037	3.151430304
25.79375639	19.15523508
27.76217465	2.057492597
24.65349409	14.99643856
27.43362918	36.87275385
25.90454115	41.79144147
33.7668519	32.47686312
47.57819336	31.37826061
1.072310105	31.98086734
29.38706426	47.03322642
37.20807934	14.51241079
9.65062517	35.02175183
49.03158809	38.87700707
0.672897896	30.19432268
33.49878915	41.28493484
14.99235029	39.5829308
35.19409166	21.90375287
37.40907923	23.67101484
17.58183337	6.498600732
33.43911968	13.33054948
3.293995692	2.052442217
48.74291667	41.95159897
12.76970757	4.847246022
0.589225339	2.519710768
41.24716206	10.54353274
34.20652968	35.05305859
32.79320991	14.70191913
39.44294361	29.82924155
49.44052081	27.41228922
35.2868942	30.44131216
1.231483999	48.54151918
0.072304344	35.00185992
22.10076499	11.54786366
28.61917026	29.99537343
2.890156761	44.14656064
36.13751373	15.70502092
25.3120873	42.44928462
10.66205923	27.25713126
49.5507607	3.180121623
49.65598615	19.93651343
31.018614	4.736971491
24.37389213	10.59509758
26.23888309	19.56395201
11.4093477	16.67293128
6.631999987	17.12941559
27.93747695	40.84196222
45.06301566	0.926619743
11.98556373	39.88956239
48.3185337	47.67412782
39.315295	7.893295282
0.637140525	4.277521303
46.27670498	19.1580943
27.79804221	30.5367739
26.27026604	32.96562096
15.95321363	26.81273414
28.28677529	45.35465643
28.847773	30.49968628
10.54822495	48.59825271
2.100142229	42.41455628
12.5560714	27.85912423
15.59594916	46.99712943
15.29973217	48.34632142
5.617180558	44.11174828
19.69164768	32.85071474
26.8848836	45.79669147
29.71810059	37.37267549
5.414466516	2.825517369
42.25864901	48.76731006
21.32376503	21.7845981
31.52613656	16.24905308
7.988958341	48.66146544
48.15207997	29.13159316
3.874605772	26.35939438
38.20966994	35.84711504
49.59523973	5.870660453
29.4303579	22.36879311
45.52453765	19.04249085
47.53181523	16.80906148
17.58362311	14.42944307
28.7673803	24.91446728
38.24864527	10.1652339
32.76497993	29.24815381
38.01693217	13.97387571
2.863686863	10.62943911
37.86718224	1.511250309
1.747909092	30.01967276
44.49437247	25.38627006
18.22906496	29.97675299
42.513355	41.41369166
8.957153155	0.129768089
11.55383582	34.85286862
42.39180779	16.35657366
13.83467172	29.82780158
1.98303205	44.34292974
24.93400283	8.356623784
33.20213856	8.460440299
38.45008973	24.688091
13.03411627	15.61803509
40.34880955	37.57395883
34.26195813	32.66606994
20.74525421	10.01271395
43.914408	21.07930632
47.4485919	25.81647969
29.2110933	25.11656363
7.513863498	22.09462798
34.11595327	5.078427312
42.19689816	25.42456604
38.95949132	44.05256241
5.320161333	27.1669822
46.63230053	32.09990063
18.94226696	32.49942471
10.41939307	43.00362925
6.077450975	8.185929654
40.08476398	27.77909186
19.0404166	36.10300167
29.91448097	9.18581325
35.0652	14.13109535
19.10040326	39.20823749
19.00035935	12.54255278
40.3462093	33.20934099
1.474916048	12.70646399
36.67713157	18.89270346
0.119117138	7.756104446
7.407820371	37.3683054
45.88120995	22.76655659
23.94271175	19.02060493
29.74152759	37.33468984
18.61030708	23.60073112
21.15338224	46.31261934
13.24058333	16.62775779
0.984545109	11.66881841
3.759743721	14.57990606
17.75702262	14.34131677
49.64589588	3.602524188
43.83322975	29.53660066
10.74311475	49.45020168
41.06356568	31.06849166
30.10348463	45.57131269
47.14533505	20.58025674
9.464243547	15.42682999
5.022892861	39.8437363
40.8731346	48.08056671
38.92859253	0.542033117
33.23383112	36.75452673
5.826871456	11.1562868
13.00101198	40.31257357
44.44039427	41.32224345
17.53862851	44.31550798
10.10779842	8.317525544
20.92050859	20.91066542
14.70333461	48.7378937
16.97747771	11.04768027
24.126862	16.3859442
23.18568281	40.15561406
23.05991118	48.11355047
46.44390421	29.02155764
13.37043388	12.65202368
11.0963945	37.28546764
9.703038565	16.29533796
25.7843574	6.324571879
23.46284567	28.61273389
20.87592689	2.627295481
39.20018462	49.07489196
25.34207536	1.409793192
7.465347164	29.50064142
31.32012299	17.0771216
17.65667317	31.61798869
15.7823972	10.76448796
41.3344368	22.29233344
49.28099869	5.910571579
30.52885422	13.81742055
36.80101764	41.48583023
37.96362543	40.0230966
20.24300888	18.6218408
30.94485738	34.10136567
33.69486946	15.95942595
20.63467506	37.79115954
48.55665283	25.81671614
47.70196394	10.78709374
15.98551615	11.76049604
1.318646636	37.09080925
9.191540782	23.05036139
38.80554253	42.88980474
47.52468718	26.68360368
45.55492306	32.8836559
16.76359453	16.29245712
18.09282034	37.12977995
2.666949472	12.65390752
26.6769883	40.79141297
27.50710745	30.42318372
25.56822715	7.880835769
5.177462247	16.22805744
33.83166402	13.0220859
42.86814698	42.33242389
43.64979407	4.818552773
6.485685624	36.17846893
43.79003189	49.49689578
20.13372759	25.62024938
8.335352278	23.83523449
6.370558479	16.36519607
27.98905726	17.88599765
8.159020944	17.10864052
36.80266556	12.46077075
28.20791606	15.51757093
43.66571438	43.78566845
27.27161218	5.432142934
17.34535867	29.89510444
47.60995498	40.04023765
42.97173863	35.86464681
9.514011183	11.72177627
23.41022772	16.76444729
13.18533621	29.80527434
28.42215748	37.86705141
18.64763576	38.4270867
23.26963308	13.39501678
38.37025758	10.80082284
36.29803138	41.62430887
28.61221631	27.04498296
29.62734854	11.74296564
28.0898606	23.82602885
22.08044001	14.51052786
33.06980238	15.65332571
13.05217897	8.568335384
49.2564182	21.40914989
5.442848193	4.149181299
11.86508628	42.14915232
15.5445686	10.2636248
3.555062571	48.99116529
26.46291533	16.70087091
18.24856327	25.68648707
17.25312984	5.842999659
16.95760182	44.43878407
25.03606313	46.27702461
22.71708927	7.657558908
0.169113374	7.84247969
16.85784424	26.28588016
18.31748844	45.61735036
23.80219411	16.12878939
37.87348924	26.67028656
40.33546616	34.09723711
19.09358803	35.27230454
10.95010807	31.32527047
43.42537785	14.99096357
17.15603923	19.06566839
43.68861249	47.39054722
47.86441018	13.9159895
14.15056182	33.44201169
49.47363215	47.21396281
42.80779614	23.48261374
15.51717632	3.066373998
44.02960914	7.633057841
2.156565503	15.56240822
49.9515671	12.96935384
14.98022002	39.97248855
30.40665108	17.30644636
38.69930399	14.96140987
33.75252338	2.861511267
40.97089005	13.76866147
48.95745019	4.685008906
38.54297616	24.92149138
6.02028607	0.825421307
43.67889887	10.5707961
20.58558276	43.4911852
33.0524608	30.23628627
9.369461701	33.42032668
46.06484193	6.866942599
40.0768799	20.56708102
37.32434592	16.56067209
47.14142453	33.56480605
26.60067958	21.83102257
40.91797985	49.0592995
5.205258084	46.51970462
23.06155685	41.5617993
22.79001043	15.6868546
45.92205756	30.23805651
2.629326272	3.066775427
35.2457555	15.8635751
29.81569104	19.08430976
17.76752809	30.82044416
49.90283658	36.51665054
48.17747766	5.043029908
40.92432707	39.99398658
24.40515407	8.595257181
12.26134188	8.347034328
10.72032676	23.13589834
22.195122	1.415646916
43.88004319	44.86938475
35.73754288	48.85937008
45.12669808	43.02173095
22.336687	32.47765749
10.45786703	20.8576516
29.35799178	46.66432681
13.57345925	33.02296133
27.38102982	33.25559749
7.374975621	33.82952871
46.44825258	28.76676123
10.01471724	49.45622381
38.94302363	26.87298747
39.52848164	4.47006519
17.18359797	27.11825057
47.60528161	31.82625488
27.15897047	32.23496078
14.51018307	27.84400216
29.33873041	49.94180074
1.319246654	34.00031196
43.66245881	21.11094768
8.275129316	46.332515
17.61374678	23.30714106
1.744565025	35.19053925
3.264435626	37.55519872
4.911278255	17.53725199
9.940016711	11.30026939
10.80323019	48.43455451
30.6590189	25.64966498
4.996527795	6.810194951
0.201229844	8.554621394
18.0519631	15.03478551
21.27724114	22.91941371
41.06611804	0.266468403
26.37563408	48.25417171
0.773815656	12.22849935
4.78189145	24.26435008
5.264499048	27.3567137
9.389994816	39.01650468
19.15279059	19.42364583
35.69291134	15.300213
6.214626548	39.37613445
13.02954019	48.11492643
6.474643313	39.17794093
14.35470839	12.90356649
31.57065968	41.49765378
14.94407966	35.82617046
37.03856722	21.96822265
26.42782939	27.63324619
11.15535743	49.34986064
5.967366016	32.56411994
36.06231466	45.0394667
40.74611394	33.83595404
48.43519276	12.57355663
14.74196382	45.59965083
18.54555943	33.14785353
11.13300844	3.162952572
47.30944279	3.210331834
17.20295243	13.89128878
27.85956978	18.27781229
24.45981792	16.60461843
25.75618191	16.73070028
9.528399332	15.41322726
47.81829406	48.53172568
46.60055244	7.000818076
41.88386639	19.58227231
15.11867054	25.18724687
24.98520163	2.942395962
32.47087278	3.967944608
1.991111022	22.62186883
34.53495367	38.50850383
15.73677879	13.01864658
12.07958413	6.676663014
42.21704679	18.98657485
47.87283241	16.82911565
11.69907713	2.082728002
41.04916509	46.37793133
44.85881553	43.69666223
9.081853193	26.09829919
44.91123301	34.37773963
7.543367071	7.37804669
6.388804376	14.01363074
5.232074088	5.143460138
5.257143571	15.80000047
38.74228921	11.72994758
26.11301312	15.33087413
3.492891053	26.32104087
21.73740822	40.95945025
11.32119073	1.351614665
25.24875964	44.86453424
15.01401435	39.41878895
26.88135211	49.71892058
29.19130735	6.291888998
11.50497419	27.2506728
11.36250762	46.97558939
28.76616496	3.583086078
0.670838932	24.67892779
46.42073869	29.9567473
47.67210197	32.41712573
36.34040545	29.34280834
25.05182594	15.67787781
47.92892058	41.16474005
5.070839014	37.92259878
44.37591495	39.50408073
25.22987126	21.45611777
40.17436972	20.68781401
10.01062431	49.93394061
45.01554842	40.39892948
27.73527925	49.36474524
24.58937715	29.70743042
30.57102847	30.12097009
36.54522953	44.2110589
8.997020293	5.43216664
30.07970388	9.561122945
2.101734795	10.59289512
0.142081606	49.58477555
16.1536742	45.60073463
40.70002573	43.44622757
41.09444817	6.985563188
47.71973862	6.336017502
46.91011598	44.75386791
37.67230305	28.10143581
7.44364877	29.11876457
4.404363866	43.91850411
5.971920456	33.91308349
16.81393202	15.77595185
42.9561966	32.14996222
18.14709513	46.77672177
4.45505273	29.59444244
25.53085016	0.873604356
23.58396558	14.05012374
34.54860845	47.33515034
49.27529858	27.3904459
36.43931878	15.4975931
0.571671315	40.88905065
7.338026418	17.55701268
7.672586778	31.2572938
6.577539763	39.02380563
7.261170799	15.93694045
16.47164533	49.58796186
22.94194028	45.30180237
27.32657687	13.91759063
8.144044466	10.89406317
24.7915604	47.62362571
5.061331841	44.48695737
41.58758319	7.994233176
37.49754964	27.71456296
17.83836892	19.96002458
24.84341392	34.70541476
19.93937109	23.81799423
10.84816345	37.07701003
21.71521197	33.10513766
49.87011596	18.52956181
10.65498701	42.96227683
44.83106798	6.859496222
9.817701877	49.50603849
13.11739702	45.47338443
13.19922181	7.107614297
29.30904075	25.83593419
36.02000308	25.52084944
27.40540755	21.43752319
35.99901508	7.056148016
25.05072761	1.228078286
25.72213177	26.43136678
19.49208425	0.972851473
29.48994812	4.006423185
10.74054162	42.29371188
10.64068753	26.41339479
38.82364829	4.477538061
29.82954821	13.57598711
37.93775518	42.15325974
16.67669613	28.53618855
4.885733612	24.28490054
20.34110049	24.71657507
18.44778503	44.27136068
26.60378877	11.59448155
16.34264435	8.808970313
10.15820435	15.84767488
9.751326519	2.060519341
15.99067203	48.48462833
19.42100967	11.88349519
1.72944947	44.68325572
29.28957209	29.91397677
46.94402046	47.65768703
29.13032979	9.054561043
30.48381575	10.75345899
48.88616809	39.63195687
32.03329655	26.25647697
41.57509966	32.69449477
1.096582776	28.95988105
34.08191302	7.13580688
36.69210439	34.34746657
43.624637	13.36471088
24.61769594	26.37719562
29.73604322	25.28642211
4.148252674	7.945721356
32.45200418	49.57213018
1.55544375	45.57459086
34.19978988	29.02862983
6.610186763	47.27443241
8.051640053	12.55636628
13.54513202	24.64670408
27.40514963	7.365419014
25.53489101	38.40354729
16.40438773	20.17901413
40.29718933	29.67840079
31.11166111	37.52813409
30.60825599	13.65117389
22.99576335	47.49223182
41.5695793	29.57197828
9.536655052	33.41828771
31.39864791	17.293563
17.8999564	16.98076699
9.221316698	9.15981703
19.5396326	25.38243483
11.81753135	4.871959041
7.878196567	22.49255683
28.88717589	41.95091816
15.21084304	49.72300535
47.900595	7.310044755
30.2081796	9.080443789
29.05384614	17.09206188
2.449314866	41.4953999
13.76070371	27.02575433
40.41557428	16.29564499
10.74535262	29.69256381
25.37349882	23.43113901
42.9516069	30.2230826
36.26053555	37.77560965
24.93105392	3.284208813
20.13029944	12.03649265
34.66814105	45.58206569
35.64738264	20.67158006
6.781662605	6.969792875
32.58677563	47.77518083
9.642661879	44.03401919
49.9490049	30.988772
23.8875611	43.69284664
15.40939913	34.69470773
26.56502151	38.46959658
25.81923387	41.32203443
44.00208403	38.69596241
23.59516251	17.19405568
11.28403366	20.65671415
28.52246301	38.59183457
24.87569062	29.41642041
46.17514656	43.56233391
42.49340885	30.17208439
26.6843588	24.19313178
10.8449412	45.72170129
10.79792257	37.56472496
13.34122871	15.34426505
40.91314188	10.45739097
28.24887549	18.55094355
39.72685731	19.89467134
3.585710383	39.6956253
5.587931175	29.99602219
14.29061562	21.7229631
32.71994998	38.49680662
28.14702732	19.12289089
21.65972069	36.98900146
35.60309518	21.30178954
23.17590171	34.68907052
39.03984385	0.658273775
38.34620128	35.24122769
6.124625063	8.049909462
46.76154548	46.3003243
20.48785272	29.94072446
14.24994079	10.44757441
31.51275481	27.15296828
30.14272782	33.94649307
42.14072761	43.57560387
49.11468799	47.49114556
0.533233433	22.59544535
48.84207585	28.27122266
30.0717312	33.81596815
0.961682548	45.14943941
8.461175043	34.79153583
27.60245037	1.918932983
39.43248286	21.10428894
29.01591074	25.54021034
30.48149357	36.65518743
2.401313644	9.781535355
6.871896344	28.01020599
2.810711858	30.59614212
28.72200962	33.27109581
36.30697792	40.66697696
22.82505512	47.60825929
13.53048697	46.78241894
21.8019623	45.69868962
21.5675988	45.37142679
13.05930123	8.507492021
35.28140814	22.42160734
42.3714731	37.00868726
25.06981083	49.11433775
36.24221409	15.17587773
6.862715415	0.205835308
33.26667175	48.55368383
45.8093433	25.45611274
16.42498728	47.96517892
28.39370326	40.50450121
35.52141115	44.82843751
1.622790349	19.41413992
13.93663709	26.6021814
28.80543828	13.14088529
4.546902685	33.21111925
12.10108215	47.45084324
0.238395031	1.687813922
23.05621038	18.99079496
23.89982529	41.53046884
14.71714922	10.48703751
14.26861306	32.37691783
21.26117349	7.526168192
14.85802131	8.63378241
12.37790586	27.10150858
27.16537996	31.93784901
44.56163619	15.1663488
24.21813226	14.84817786
11.19449332	24.31622065
29.90280433	4.220165087
27.62833947	3.651865191
14.67495581	36.51742755
0.929266661	6.10941732
35.41095038	25.56510866
24.23235384	46.32859543
34.90071671	43.20202813
1.555287649	8.415303697
1.842714179	4.14225868
36.84044049	39.95681728
34.20081499	38.12563996
36.08110481	36.17233565
42.95410605	34.88773178
26.99073817	26.197355
10.22064426	15.54289419
2.813216336	2.437120513
26.12677701	17.94509929
32.20876771	12.8924305
4.652700894	11.6121424
17.39383766	34.30663794
21.40812478	39.0790238
16.03718609	16.01026707
26.74839991	4.452380422
16.17551003	16.92477493
2.430091551	44.55621317
25.63919523	43.33440875
38.3510692	42.55140406
39.66352248	11.19451144
11.477703	0.144867534
33.31555286	26.55792412
17.48659831	18.43998198
31.21994187	8.708690078
45.56114357	0.700722454
46.52153744	36.27788088
34.94299087	7.165701428
21.91766762	47.8782111
5.608803112	45.67236176
27.35931849	30.00843745
0.810279056	3.785009869
37.48253459	28.89461497
41.99331015	22.65367811
9.998332755	48.28656769
17.04810481	45.11780311
8.623620663	46.31782865
22.43833069	31.77047131
2.328009746	25.95823007
39.65841366	9.567597717
14.64686708	47.02003128
44.00171362	20.6614232
15.41633757	18.74152485
1.523274191	6.048335831
3.847746781	29.85270923
41.53039621	17.08054735
44.58520662	19.38223801
29.78958872	45.86563504
43.30604136	31.71197727
6.549887764	37.19019228
28.75123631	30.75692916
15.91591069	27.88938823
16.57640722	48.72008311
25.61837391	19.58969753
22.85065713	14.83166631
1.676783115	46.08762639
31.76854283	46.39365699
31.6444555	33.88539123
43.21988187	15.17724432
31.51424125	11.32020568
37.77832549	48.9381891
35.5233364	8.566120604
38.46627694	32.23074795
21.1364597	24.75518519
12.75255899	17.47321764
17.79755685	33.77738142
41.91178309	7.958033148
30.606738	29.97343735
39.94970331	27.52952035
18.48850663	32.48264178
30.6218307	26.79406229
5.657077274	25.2609057
38.07620339	32.09570179
26.08907328	28.60701084
48.75270826	45.51647052
27.38692626	4.896692489
6.488294664	15.20120028
6.682014443	43.29300392
37.21472092	28.53517647
11.42110102	36.78207315
28.75058744	45.96068637
18.64745246	9.036038346
22.94212965	35.37047924
4.525318528	26.45377414
48.15266605	1.186180297
11.38203692	10.11120496
0.730879685	49.04395497
25.62188256	32.77247677
32.38821431	2.197561653
20.7148781	26.15243164
43.89089161	47.08081237
44.75151491	15.2594966
35.54433632	12.54098734
4.828363747	16.64651318
38.90250027	18.0730228
38.42336105	15.36786897
33.67043552	37.06894984
32.91543736	17.49312779
15.37179652	44.08243421
11.94528776	44.68725384
19.24387142	26.14818137
47.30335571	45.28536306
49.76829065	35.17213782
49.87659983	11.07430171
19.36777135	16.19360789
33.63492026	33.18587572
47.02164706	31.74331252
42.09530504	11.69343736
46.78613416	16.68882265
9.762913416	47.85698337
38.97872477	13.21778416
9.717331232	21.99653821
9.197617294	37.65504364
28.62664586	5.32139763
35.73163102	46.64833705
39.82736525	45.40402622
43.63662674	17.31178012
31.84651655	33.12716931
47.72227756	17.10111537
21.68051823	0.142727135
11.25984939	31.71113022
28.67898071	32.09682949
4.988556405	4.897461739
27.63121039	37.11018616
19.58989229	24.25839389
39.10289956	20.76346
9.620733463	27.25279046
9.355505073	44.4320669
14.67117195	47.13302905
26.63013632	25.33422631
28.75094714	1.232617323
48.37269314	48.19156652
38.12063003	3.168543677
32.36142206	20.80213853
0.120522864	45.67907729
34.96840499	1.535690266
4.238980998	25.28746749
15.03172083	45.75099274
46.48146133	20.68564979
45.16745606	31.79527336
43.05822844	35.91250682
45.54792985	18.00201915
17.17391042	36.8319593
48.7475864	44.46241908
44.21407287	37.34500477
3.535498221	24.27072355
44.51973722	14.98182247
26.19820873	35.25189845
24.53420964	2.912388669
38.07775346	2.902971663
16.08220207	9.340906373
42.67988841	18.60702582
19.09623835	18.33405369
47.22523695	24.28539452
10.9247439	19.81211094
26.09662472	31.2901723
28.02882888	18.8338048
4.992328132	7.820810358
2.739063397	13.2700281
30.92656614	27.12244696
29.16618845	43.76404506
9.868723759	44.95182125
33.30640654	0.113823458
39.59063231	16.91311413
38.34321525	35.66125227
41.16197624	22.77127069
46.14107766	22.63743997
29.910787	42.02610081
22.56248623	11.74090161
43.56192682	33.10582797
37.27200854	1.497863404
17.27200909	23.67219903
45.0922319	32.97472918
47.57288203	3.393250316
43.99451628	30.06706316
5.005384115	9.144343489
8.557014108	37.80392465
26.53826679	15.31775872
20.12144967	12.80054145
13.71891531	0.268533098
40.19573022	18.45241715
8.686336267	4.906511112
4.345383667	22.84122142
36.64719792	4.434295974
24.09653867	7.185635536
28.59932268	38.55409728
43.88127183	38.32202739
40.12223421	11.67615927
15.52014782	36.61212857
15.10846384	12.54458235
39.56323742	39.43998713
40.64369224	27.62915453
24.72099714	47.16072612
11.87345012	45.63378175
42.39780387	2.450832367
49.10504679	10.69359279
14.80720829	17.98607181
6.597012121	3.948655125
9.240318972	3.863031863
8.008200784	27.32026368
35.24793333	33.88194756
39.17646586	43.59918183
3.554981728	11.6560168
22.93322991	2.468461288
2.77137286	25.25371044
26.30935072	44.79102883
41.59122487	6.82112379
19.00204427	16.86262851
29.72938419	22.15067491
9.296486317	43.07743214
36.0390895	13.73672018
3.951330274	38.56034459
31.76297763	2.147586192
5.043906654	49.948048
6.584390792	27.67665128
48.35657478	40.78051282
39.37545108	3.87569937
7.089222202	22.67179175
38.58150378	16.85071478
14.5616596	28.16862217
42.36692202	1.347181706
46.68331292	32.06541285
26.90766952	7.572496651
46.12637741	9.209818956
42.52675395	35.52071883
17.44959738	25.24635006
19.11488263	33.58866382
2.250447086	4.913434203
28.26794247	26.46611279
2.978550179	26.32141743
19.26082861	29.82034659
31.08700527	26.08365526
43.54501448	32.943467
8.689773809	25.88673667
21.70231073	48.17590766
14.90502185	46.96225578
24.58440196	45.3508007
0.535496739	40.31319355
18.72700393	20.87716773
43.50157909	23.65483165
45.77237351	24.63368047
20.9156728	17.2838605
26.23939172	40.56597918
33.60995655	17.20527729
19.82039115	36.48943869
11.59483736	13.56881123
5.923455748	22.4681778
42.57521148	29.90444435
21.45759044	46.03695614
8.475628458	49.95728193
36.62538599	40.1313837
4.700516621	16.10645439
9.81711602	44.72544782
44.54584087	33.38475166
43.33098102	43.86627754
2.944914582	25.91495961
34.66152964	40.00335407
29.77652477	49.52444444
3.121946053	46.61327808
23.18411112	13.68938219
0.681168704	25.6735115
20.46726699	31.00823149
25.83319322	24.4004907
39.18397366	49.70781941
3.679942247	16.79576779
27.38207097	11.38170083
25.45706178	19.82955424
24.79287348	13.07675445
37.79581809	36.25054232
16.64506513	0.280316014
4.330783625	26.58155696
24.43620531	45.7149631
39.11918746	6.525611326
37.49278793	11.76963972
27.8485307	5.123558747
24.58295518	29.28809998
15.08756651	43.21541104
27.87624505	39.52757455
38.51249417	14.60224363
13.57127913	15.3170549
8.711104714	14.57789584
3.773665614	30.79820649
23.73952307	38.78209919
3.597414078	0.230840958
17.12180642	10.48537366
16.81000674	17.02116679
7.923747189	44.24028032
2.882744938	25.95928956
38.64601167	44.16878135
26.79137027	15.07882417
20.41024336	21.82864831
18.9099754	2.429417445
39.47664108	45.73475116
47.53584748	34.15694226
16.3008641	38.81032011
0.693425318	34.01725641
27.26488781	6.709616997
26.36905649	40.93953968
1.755107307	5.337586017
3.1962906	2.057457684
10.69768154	45.19140806
39.36655883	29.69393858
25.33213987	20.10295511
13.87699762	28.16792891
40.45347035	42.00611105
21.16380874	15.89157969
1.431335773	40.79303857
23.19227425	40.27323293
12.21743673	33.52586213
49.7113387	28.2438948
6.387908224	23.06306774
1.821833578	36.39333561
47.92426931	24.91636654
31.39480488	39.83062358
30.72726537	19.0901805
46.06118602	41.24387125
3.892428338	10.86747765
24.46959283	43.56488883
12.22363209	2.809022821
14.12373457	9.857060128
2.913609155	23.01822778
48.0858556	29.40499896
36.73911252	15.57181383
28.89560583	37.39572733
33.32067852	45.23234304
24.42984796	30.02727368
7.040146767	14.68713568
36.79237704	4.200707717
8.76303271	3.828427649
21.48243624	15.54633883
37.64500108	33.41383057
32.69227478	0.966301172
21.70595246	8.279383913
20.91229259	21.29680953
24.16466236	45.26891956
16.73393684	18.48097878
14.2856669	22.84732723
7.948778012	26.68810601
41.78174108	17.93082927
43.97232047	47.86049282
11.67634148	39.84455824
3.287673687	49.61521054
13.49450261	14.43138887
17.65310795	0.845852198
30.01296845	3.043223296
12.34628278	17.76662277
45.50762466	11.66826129
11.97453772	16.01102959
8.547162187	32.61802166
39.61772365	12.11165391
44.78329093	10.38941871
44.61278021	39.59131705
6.68961476	19.86491092
14.87686426	44.11342864
37.82575271	39.05866445
9.498143597	4.746631976
13.21756993	7.02985583
34.69961824	3.004536377
34.42443969	21.26607893
6.034441246	1.500123769
25.73065123	46.84628681
40.33962951	30.62183686
32.98278774	31.83510752
27.99174656	36.32477726
20.70608216	5.877811191
20.23185754	11.39103524
30.73042915	19.3578583
48.03931088	27.68528821
2.010873063	29.36587776
12.52813394	38.79154009
49.81555404	30.26197009
48.37535439	37.24569718
33.04939761	48.01842715
20.08366508	16.53985149
38.93005326	9.047540193
6.896116821	33.6585045
36.05654256	17.73719831
7.784792666	40.76691684
7.215827555	10.13525953
13.82312276	37.75155722
22.626027	31.75346762
1.365266126	36.56350572
31.31074653	32.70856372
10.45561238	34.40340684
30.1774026	32.64317713
0.932579893	48.22848502
41.15370944	47.78660565
15.41034514	41.26999632
43.63312342	4.859987566
47.25742071	38.42335612
37.50773274	15.32666309
8.911220691	0.075457699
3.788690022	23.76357441
10.61577008	12.96028269
49.58502114	36.4702792
24.12320872	17.14258285
8.65202117	28.28688968
16.17939195	47.41914493
9.2542804	40.68457585
14.36390672	8.831758641
34.2312325	42.24379186
44.75435364	26.05325916
39.24201885	19.38608726
0.939812577	30.28527657
7.977968868	16.58498433
49.69946448	37.41700928
20.02175901	5.14731341
29.33094417	0.291490856
26.40709503	11.5241316
4.534871002	17.33900075
40.39240635	22.98379971
17.43358707	46.14940883
48.66651996	46.3356789
13.26136639	4.189202681
45.71158098	3.369257332
5.546783212	40.00620935
37.17375762	42.19028515
3.088634365	21.73012863
13.60052584	5.746496312
38.17261145	41.48318151
20.46100384	49.03755347
44.87746191	33.39560906
47.08546397	8.169365727
16.69959245	12.78093156
22.75033946	28.34409451
35.40951314	2.238797485
21.36809788	41.35260004
38.64406526	21.54438117
28.32217577	10.5367691
40.61123825	43.78674015
0.552889461	30.84719075
23.2892584	5.743915639
17.72583002	1.33193598
23.21849177	33.48806573
24.66586021	31.3546012
35.72774288	20.50296632
30.33422036	0.301900182
25.13550455	29.10152533
14.95464823	12.21422966
0.687548889	42.32600709
47.00346904	11.72995485
34.40366752	22.67043427
40.56304611	35.71890169
23.75319315	6.681026
37.83861921	9.138197625
23.63528519	49.71199177
48.16306784	38.3816083
32.06688625	5.067026
4.383511014	21.94221032
17.09031248	41.44625423
1.983296412	6.550490549
3.886729442	40.21797661
17.15005028	13.02396563
30.72272776	24.43912748
46.4816147	25.1708523
18.94551338	24.97607779
43.44789716	14.71217136
4.236667194	27.3801282
16.37740173	35.02302062
31.21496122	10.62749417
43.57206705	34.28331096
36.54152611	0.188818785
15.30534035	15.58961314
39.90004985	32.96962117
28.67703763	29.85144085
33.19915865	34.45811215
0.490864342	2.232731057
23.37896082	33.52189165
9.518434316	32.20720599
36.38113233	13.89622888
12.95910276	46.10939469
20.69633294	24.09126239
20.73846387	0.755820767
8.318156181	4.969658633
30.34215193	10.54649911
16.27521169	36.36334229
32.78664735	1.069760125
12.95101869	21.81040728
31.29343144	35.45178334
24.79807803	39.29089652
20.53253342	49.14622737
38.83482525	18.57019886
1.566120249	15.82004172
14.57060872	22.7197526
9.496863904	31.25607118
37.55498134	10.5538499
23.61858808	36.54085373
23.96255317	33.55011327
28.64324154	0.747151639
32.53529517	34.42783877
39.05120383	19.6399598
49.18394251	33.50913138
41.20139773	43.23140461
47.66729013	39.55748301
19.02467512	36.77891934
10.14891343	27.45371415
18.44449136	42.28575261
5.328925215	13.90396362
6.753925762	16.25045049
45.67590058	19.32596778
38.2216837	20.57696528
1.470525799	43.21488996
11.66519753	1.683747657
2.334336767	45.86933547
38.49924428	45.59561901
45.04378799	48.97252954
12.92355927	37.69533647
48.17624708	31.36875688
22.02859724	22.00243445
46.51174277	0.398793587
36.30309796	38.85410698
46.57014888	4.012219214
41.4968923	9.654472149
22.57821345	1.11051268
12.0226971	49.69408138
9.17785826	11.92271518
4.263678133	2.595075729
48.99217957	17.55418641
49.16414904	43.94271324
34.04555	37.61537318
30.75535925	44.02750013
12.11547195	12.65678444
47.45857688	30.94075747
34.79948976	12.99352873
11.76069968	16.44775773
14.46294657	49.12139066
24.75325959	21.47737531
24.95958856	7.941894882
13.72482746	13.08201996
19.16465529	33.91033775
28.92579903	22.29294186
22.95978566	1.764484913
33.09327307	42.94060716
18.41962549	22.04066097
42.08240722	10.72175173
4.479502389	43.0736164
48.29939606	9.882174279
40.63546965	47.59015669
24.92970115	39.50708205
11.30085976	27.1535387
24.48307682	7.533262725
46.94883678	9.340385167
1.279505669	49.49661897
40.5586537	47.07898193
11.11799418	19.48458973
48.56631013	12.80822929
10.43326087	43.35091615
35.77636159	15.63253324
47.59585216	36.1440902
44.22582468	39.72288957
21.33855541	40.55199998
11.66351081	41.63862217
3.921100928	42.02751299
15.37605765	41.80104368
41.02094227	8.636489531
5.088413834	47.36800554
15.28303314	29.23187672
25.92591006	20.08343663
4.752600305	41.47108096
40.50794014	42.65492377
4.84346423	33.77779911
49.73677699	10.02468638
45.9645525	16.15119152
20.64177347	31.51848575
17.57785917	14.65183083
37.77992826	26.52720589
12.24283192	37.18937037
12.07095538	36.74816499
23.62038898	45.42057507
11.38263017	18.13801401
49.6134091	31.14977035
28.33942109	20.43093749
4.768669974	27.28161379
17.15280552	17.87116835
42.10141707	11.21459727
44.23280692	44.32479597
36.81360802	35.87344476
42.32897425	13.07114039
4.672575885	24.13983322
4.665552465	28.2552224
48.07699972	10.00447778
6.534212151	10.1818909
23.33770459	21.03882706
47.20258481	30.27749513
20.34238155	44.16663834
11.84055187	8.793890658
33.03449355	47.50629663
25.88374517	44.47221433
39.13325902	42.9668758
3.092631206	7.492371047
14.3415174	16.7749108
42.77439882	1.768050738
49.48647088	44.46771305
32.80643109	39.34756047
15.15804345	10.22000798
45.98845437	13.16022205
34.71672864	39.63850877
31.82909245	2.990516251
20.46111225	5.826565757
2.041164073	12.38461191
2.675695772	28.79421774
32.49916749	41.96400694
49.32306038	34.82654971
5.553508433	46.74470233
44.36802716	4.85054993
43.21846416	49.69451589
39.159588	0.99692698
21.31135952	21.12619224
29.33093453	40.84389601
22.38560282	49.23853237
37.98139269	4.796169537
43.0644877	48.30524118
3.613451572	43.29972574
38.66477046	39.86064714
5.589367348	18.79575378
5.138805788	3.281829038
5.81942474	5.567619377
22.56817326	48.57055977
11.38612434	11.02819077
35.73323459	23.23338148
0.376330618	20.00213663
12.1095215	16.02964698
40.5907838	42.85196833
45.31034958	35.8423954
5.177405465	2.326959464
27.26567146	40.96042291
6.813221405	19.65637308
30.13566887	28.97466615
0.202231747	22.8592987
49.76448168	33.30523531
29.78041645	42.35852776
21.65115508	30.07649579
31.04200558	20.74799856
26.58829431	20.99091332
16.00827985	7.340755802
20.20793435	7.906261717
6.928789663	39.64472567
11.40170252	11.05185692
8.370081516	5.577777116
47.64887746	11.16534567
2.061386406	20.70864349
44.13094357	15.84514181
22.96840253	42.56232049
46.47688114	43.86887275
49.11434453	48.71684177
11.3637354	16.6086017
12.1461173	31.8964445
24.27168419	19.79895716
36.35808674	13.40714382
41.97810244	10.85462523
43.45452787	34.88528172
44.72150469	47.02347439
44.40809611	18.64951299
40.87070093	37.81445589
29.56718349	7.815962217
5.10019885	38.38453974
1.055916565	48.80368009
5.225603055	45.43024527
41.80710956	20.13552199
10.91097822	30.41264356
20.5593286	35.40441056
42.62770353	42.48522674
34.75944227	45.21032939
5.780440883	13.05129952
36.8315806	1.267445594
32.01177916	45.28444091
2.342452689	11.54143597
30.38967655	3.618673124
30.60311615	13.5962071
45.6416973	35.3009408
22.67215503	38.7622956
22.78766149	16.99265769
29.44435655	1.633636661
7.612856223	17.77401205
34.29741534	18.11963089
5.330714369	39.87138349
48.47410244	27.09910374
32.9453707	19.30199025
5.918935084	2.998469833
41.21563225	0.268233568
8.151762137	30.21415018
17.31780179	38.39916011
1.663319465	9.276011447
37.16055808	22.88411298
46.51307382	6.696793682
44.5493929	45.41012405
0.848965773	25.73077751
39.38567692	1.269278115
36.20459953	25.34141014
12.1466677	43.58348199
22.56896688	3.993393357
48.1765021	34.66336131
25.30937983	17.60807906
39.29984837	5.838083473
48.43557934	37.23191483
25.51316166	6.434918226
49.10621214	43.98584565
17.96363768	47.33525666
35.86285348	22.59168598
13.51861258	10.35768036
35.67276186	2.175053753
45.43231471	32.64438552
41.55659799	42.95665343
45.35320464	35.78987744
0.289945515	46.61216264
3.216134141	11.89262875
38.93859919	10.93904049
33.18288374	2.385059565
31.37704201	28.4681515
4.052159314	33.88675324
3.032489912	23.30591546
15.45333753	29.10144835
15.98365292	24.01890074
24.63798237	45.77639206
44.63867971	6.465089563
29.36691828	48.66376562
37.24577466	35.94904547
2.896778362	3.161769549
49.90213839	26.25291122
36.13733468	42.68322479
46.09490254	20.98815494
23.21375502	0.934466877
15.94046357	33.01514835
45.02784784	18.52031187
38.58962507	43.95846585
33.90474697	18.52881786
9.835210602	4.029570105
3.47556097	6.488066963
8.357058822	20.38136632
18.49103949	32.75529849
4.02942608	45.56173223
33.76557909	22.66140468
3.067782966	39.19631692
44.83745249	49.54738106
35.33305539	9.23877895
2.129525188	43.00622525
15.04254579	45.51122606
36.00667255	41.68887481
37.17342527	8.593897494
28.8299935	32.30288826
26.38784254	24.673328
9.486957927	48.14148826
18.05877553	7.336138311
13.7642688	30.16273169
1.517781543	16.53371178
3.465850428	0.614407471
25.97507349	25.74643947
6.660517959	7.584648837
38.06275211	7.125800465
41.32149824	25.37107677
33.10172116	0.296255384
47.7532231	34.06526749
34.33095368	6.748732397
14.3472718	31.11832447
43.50532713	15.08169016
23.14314942	41.3641216
47.03337483	38.99066257
13.01331104	24.13180049
47.8444055	0.130104121
43.85529515	33.4885932
6.096833309	16.74513962
9.701110659	10.64693912
15.59665598	22.73889335
35.51946112	27.05852711
27.19419996	43.34541036
5.621511353	2.752500107
34.26214826	0.541865293
47.7879697	18.34734828
20.33601427	12.85032521
30.54273868	23.37168077
15.01545618	23.61160863
0.319553982	1.244185896
37.99256554	9.038582068
5.584323685	32.51406127
15.35693469	34.83532972
1.366146484	18.77711253
27.89944636	46.96124044
48.44365854	47.00158005
2.345001634	4.485754138
17.39296032	8.282476594
22.18480764	19.95077715
11.52374646	15.19669867
7.493416047	39.98325445
31.7546287	6.138478922
18.2256876	7.743420017
1.272253606	16.19056583
10.59655326	31.98903639
24.81454024	45.7674537
48.40992903	19.88928938
26.40264902	32.68843394
32.31551964	8.425228905
44.03569599	0.274280673
40.27363294	26.17814381
19.86110578	28.55015195
8.635121956	33.50249407
3.150483083	39.65635464
39.90569221	17.11095995
35.64886908	9.890255752
24.23031901	40.12489775
42.37588778	39.46210362
35.16009773	17.93457739
19.38013435	12.87570995
3.981131768	10.40471405
47.1582891	9.592637448
25.83873843	35.99455629
7.042598123	48.29317465
7.236123557	26.36290821
44.59786782	1.193196541
45.01532093	2.597744542
16.91542113	15.45947097
40.12404199	27.94008929
20.91311911	27.20449504
32.73960703	9.084204802
12.35570414	15.6704781
39.27300438	7.314592639
8.541752233	7.040997613
24.32956886	14.95638476
49.57942132	42.92607164
36.54380312	25.88615946
43.61073701	40.70876247
6.049029117	27.33579727
17.34941709	45.91359999
44.678777	9.522051621
19.86316083	7.389543724
9.780767701	8.075082041
10.57883946	36.96547278
8.105251105	3.556596784
31.46324624	38.82132368
28.25050303	46.54364966
38.80260408	5.916513564
11.46969556	6.772016707
44.7155003	14.18434611
18.0986091	11.55976122
43.0465651	9.354858241
12.12157876	27.96278477
48.26530977	22.19977331
33.13520088	46.56123143
29.07929113	28.7131501
25.60964238	20.74344576
25.79973025	37.06914307
2.980034274	27.18542251
41.85202558	16.33818739
4.362764472	20.95987306
0.601729173	46.80568653
20.10438042	39.94593309
19.62773193	44.08885835
8.004128936	18.11862618
30.84055862	9.874767477
32.19822517	34.41864334
13.38129036	47.5366607
27.26983568	7.863022737
18.87831928	8.067676823
23.74884122	1.727748454
41.52353258	2.345936076
1.010168557	0.729266465
10.86475868	46.48110053
25.6851088	7.876103129
11.6180034	12.11243971
28.66153533	11.94277494
6.181315005	40.81101161
35.18047302	30.26886765
44.84927668	49.36773398
42.551694	47.73232158
48.54225826	27.79435396
33.35952337	32.92431052
16.21553746	6.363936881
34.89281384	0.64089796
25.5251531	46.32053315
3.355686606	26.22694672
17.76055126	46.68394716
39.92629288	32.82942047
26.39703676	6.953998285
0.907937152	8.269644527
41.17483228	11.6338046
3.318104117	6.248386133
29.47072199	43.32164008
44.4766462	29.3106957
2.635819074	37.9825743
47.75229727	48.41445429
5.856820332	33.94443495
28.71749482	34.94989589
25.55595263	31.84176536
27.91086835	18.12517834
38.57561127	38.25466798
24.32043507	40.97091142
45.34098478	26.31131402
28.25192207	9.89761096
27.92746907	9.366945887
31.76838413	11.28173107
0.994063111	48.70929973
13.19303949	14.31122065
42.07358817	28.97285221
24.27558883	7.503492196
27.76627694	44.59906896
5.867315057	18.5025603
20.59973813	16.60841517
3.461621302	19.67100758
33.45334089	8.288343423
37.80356995	44.80739907
7.322868353	33.9650328
39.11740623	12.3604194
24.40402981	21.01983752
2.457801255	20.00969746
46.25086405	39.17369444
49.63831126	38.10187395
39.78572373	29.48504877
37.69188096	1.932359771
8.539011445	3.857174753
21.39740588	21.85793141
32.10634449	42.67439881
20.22251471	26.60021052
20.33542874	42.38366334
8.087112488	6.363457866
33.1024502	19.08275135
27.75415865	29.16872306
17.36572222	44.9029709
15.43589199	1.215132196
9.403554043	38.09753669
2.390746037	24.14672793
5.662837066	11.50272988
3.505395389	15.7124786
37.66284048	33.12867147
35.97292068	25.73056884
19.8877797	2.706231135
6.129586122	3.933552862
46.96194186	34.78349648
16.53201485	7.685126238
40.00663321	35.44566607
17.4095036	14.73281786
14.06990596	48.15423653
2.606092248	33.1822925
33.49849102	41.28281268
10.27671939	45.0252112
37.29508055	44.96665405
6.787424022	22.72542371
45.99982087	17.20364201
42.43595964	30.01974676
17.8545393	4.995840633
13.94600936	22.58417968
7.44503698	5.97548369
48.82959465	32.36481478
14.20629409	15.20243265
25.15952011	37.61450836
35.0281661	26.63270666
6.782590229	13.37518085
19.22856895	29.21242516
48.33475947	41.95127389
32.31504129	11.93152466
2.311163157	39.99613564
28.37230076	19.44461924
42.66012328	1.789904741
25.25089079	30.50797009
32.99336054	40.44611588
20.8305758	8.195286237
25.53557289	2.833913479
9.532230217	13.01792909
19.32970341	37.87876409
36.6459352	26.61597834
30.36969885	18.28743641
34.14514652	17.42067535
11.84987345	24.52159729
13.63821724	16.58879546
9.182210712	16.20409209
14.69566555	30.03488364
30.76007189	47.37349911
37.23381225	13.41284635
30.62752879	36.21504962
48.18538448	40.44445816
46.80823755	48.10264871
4.598326132	19.59537446
24.23906899	48.65791638
13.61275387	12.75989063
0.852776424	30.49695664
46.08302416	49.61581188
47.94170596	37.87096542
49.44040202	15.85592378
32.07441775	33.01467994
31.0257419	44.54812782
42.38062405	47.19949915
49.41516874	41.1651913
10.05657547	35.50554032
2.240349349	14.48806331
48.01555222	14.25107766
6.487545253	24.45964308
19.93123432	4.168486106
23.2029296	34.17927094
37.38435042	30.89859402
22.66450826	49.74701628
39.14447971	10.36231518
18.85894964	22.52704057
13.36286458	41.5966668
38.50142477	27.8394875
5.937534916	34.29477196
47.0430247	23.62176554
23.50722882	44.59512847
9.556087313	45.36628767
14.51705956	26.12111021
48.20408326	21.96215564
4.032008103	26.8341605
4.532613076	34.9466312
37.04418636	9.57428284
43.19611707	16.90427038
41.62502952	30.43139626
34.44063944	36.53268911
3.66131798	44.04354357
16.96908143	11.45898138
28.26098234	29.23154366
1.377341969	38.17221605
36.03168378	20.36883029
16.92334641	4.98358459
30.96346597	11.21164841
34.93819352	1.080360502
19.79845204	17.55906494
16.91971082	30.67297694
15.28157463	44.43214563
34.84134054	25.34521181
22.76301657	49.48745055
10.83765038	30.59051596
47.314206	33.67797098
6.675906344	2.987356863
14.61425887	34.38856736
28.16865482	19.20376628
5.262015647	11.80536982
29.73795246	8.957595438
15.8368188	28.03934463
8.367370769	5.560202879
46.42564196	22.58196847
28.58859895	41.93793457
46.01456243	39.89538631
37.46041649	8.265623652
0.490751781	11.81789889
5.056934066	22.94141935
34.83962684	15.50247797
33.7007421	30.61655251
29.05675104	23.33775766
32.50472823	34.24488503
18.92432992	22.39807316
39.20073037	36.56481323
7.728051176	21.11004476
49.71892215	33.01116607
24.39502221	13.05596518
22.39884445	39.18041431
0.630852952	11.29113455
29.79758976	10.60952261
7.411053703	47.12513141
29.82065934	43.08683496
11.79451889	6.552307483
45.69408162	14.56127769
4.623476083	24.87454341
1.324752087	48.18109329
7.846635207	12.6623354
37.93007283	43.1891408
12.09460028	21.58732371
39.44671098	4.749830555
29.77118297	3.648320392
17.73048323	15.35797373
30.55252443	35.85426954
12.29083302	33.46127427
44.35551046	33.5052043
48.18739874	16.98825579
22.24185338	30.66419119
25.56371603	18.39478841
44.01479626	13.91367756
14.64087597	6.797358337
20.64336018	44.49378663
31.14451618	11.29898046
24.85835023	25.7540684
11.24167135	40.56227837
39.93563372	49.69264863
23.08160616	6.654221588
26.83787561	4.126883646
24.43033516	10.46507846
22.12669134	45.73857913
42.10999303	36.71612043
26.2074071	22.96455232
35.3095431	43.9507635
11.297393	44.4494118
5.961228536	20.11253757
15.9354671	22.94916664
28.53968818	26.09108311
47.84131207	33.28904477
11.93205001	38.49092601
40.16625177	31.60461423
28.48252642	21.55019731
38.81062339	8.876360161
20.82214926	17.5871025
44.30645528	31.78422447
15.84564442	27.9967493
8.099484448	2.813525845
13.81946408	3.975692814
9.933366603	28.70904662
1.054031582	14.54927996
0.455882648	43.16135943
0.436970568	16.11481849
13.97098008	1.228430688
3.848809404	41.78118099
1.0482005	47.53250331
29.80737734	40.60185204
45.6133881	37.76045641
20.83673364	14.28930761
21.48449808	6.578939423
19.82395946	18.63782587
20.68076281	30.6926309
7.854983685	0.044095969
16.40441239	49.83832884
38.3080607	40.12724678
41.12179526	41.96473384
11.05882028	21.33599878
28.58055554	13.17813677
15.84017558	41.92614093
6.444416371	15.98821527
31.45974165	9.224175481
35.563824	36.32818613
27.34752652	17.45936695
3.607926996	6.56119307
35.55301043	8.389300975
36.96811183	5.937727633
22.2066116	13.23872425
36.35881815	41.04411539
26.06808063	1.578147934
38.36993511	9.942364702
14.20548976	32.67382132
3.630308379	31.8110378
31.50891048	3.040625751
43.33184402	26.91783005
0.276914911	19.0373059
39.21713626	13.54648616
20.71351365	46.47674569
10.58150745	32.22249246
28.22915631	12.29453427
44.26180282	20.80171834
43.74203138	23.29018705
20.67829147	38.01684669
45.77985817	46.62810597
49.9268608	29.46672073
12.28424118	11.81497873
37.56316173	4.51244611
9.491391602	11.6162965
38.53045114	7.071761513
26.95707886	38.36185922
32.04644055	38.4400257
5.231901457	21.80339177
44.62226635	9.498901144
13.52110475	19.90158672
26.07861301	34.01716067
21.79364731	27.22008483
28.20532445	30.04469027
8.772375304	25.91036038
27.78977048	46.44740781
24.95167448	16.63530017
16.50603182	46.08680646
11.98588852	14.88784898
37.34429136	46.80126334
37.17786263	26.02774827
35.29568115	16.93339767
3.08802371	13.22399584
1.36870042	12.96482899
5.111189296	24.10419609
36.4778365	45.80620343
10.2495713	33.96664607
49.59755619	31.17530296
9.709134809	49.69296458
11.3575343	36.24994529
34.39875687	18.07181931
33.65748431	29.5440002
48.70824622	23.95892173
29.12315069	47.80683657
19.7527667	5.940476645
39.28115247	18.70389862
0.924094097	40.64873977
35.75623521	35.21692551
41.88782999	14.03201778
5.439507743	27.55937809
42.36262795	46.22443824
20.69250312	8.52893014
48.57344517	1.072332977
36.0086669	23.86342591
32.80670941	49.4105592
29.98202785	1.418985806
13.69890891	26.29781409
18.03209109	16.3024376
5.268316651	2.917383311
41.81737394	2.847411812
1.361929283	12.79231207
17.56229543	49.91628386
46.32675201	11.58898942
33.87377198	14.63392407
6.838101339	7.811121951
28.35841581	27.99115677
7.029573777	10.97132409
11.40863175	44.0843586
48.75039232	42.75409755
17.54848535	12.36924201
7.358019822	39.0429094
39.09336186	22.78186756
40.34403326	34.55219087
11.41028677	41.9863854
14.26182777	32.02841648
8.21021526	15.0781373
29.47473999	20.15505165
42.78519626	38.37558409
7.933932789	19.46412913
10.81992061	3.504753435
33.44773454	7.1903681
49.43822625	42.92506705
17.08571509	25.04541386
6.252102486	11.65788867
11.66998286	4.638104943
22.53261318	12.82238511
37.28645563	43.68020428
4.042070516	46.66709534
35.6884493	25.65037391
35.74426388	9.359911676
31.2477211	3.698971583
30.88275382	32.87232545
14.67628722	41.29690302
16.94965319	11.72662337
45.46309013	37.53883221
11.02145141	6.608661834
6.579835265	17.65158918
1.830631603	42.10829069
46.82196455	25.91281267
10.66372151	34.19347039
17.8647867	49.38378162
39.86478547	45.07677962
29.99440858	13.55531368
31.38279995	29.90639826
8.496814088	45.22757115
27.36800363	11.01640758
17.70971622	33.4944893
27.29271089	27.1693486
15.90905638	14.37311675
30.84006092	17.8226327
44.62931107	27.73608306
12.60676624	4.186697633
5.562671556	1.537325872
0.489308103	12.52525486
45.97196971	2.04147455
14.83608682	5.414486926
18.8789173	16.37617464
41.95511029	0.217822877
48.80673834	46.40186405
9.662673064	27.27481809
7.20075897	20.82105756
46.85111376	7.04462603
29.30685468	39.91495755
17.43257012	4.982210676
44.26223988	14.93603532
45.39815146	42.49639183
7.694951969	31.86661689
39.10631721	5.692263822
34.90276506	22.84949341
30.09499472	13.68133647
21.41369114	22.81309147
17.98860785	31.85291497
29.61912728	4.804430125
7.355192681	48.9335293
27.16006948	25.16566791
36.09126516	35.8022226
35.11148249	6.60613893
29.34512435	5.502376752
8.925956582	8.380829635
6.694078083	35.58657238
17.69659451	39.75987689
0.250618527	14.262944
24.54129444	20.12344475
48.12047975	22.97004077
47.80363994	32.16177343
5.493413903	6.298819064
7.081891195	41.3841107
36.45430374	6.371099324
44.54345459	2.38036393
30.01640348	16.03930573
26.30955336	42.87816979
42.99094608	33.3008483
34.84553219	43.78226564
44.5174503	2.784757602
9.531506191	26.34531028
25.33575357	2.121993536
10.89703102	26.24640049
0.688875701	37.68021227
42.67242325	48.5717053
22.96585168	41.9720236
23.3959983	11.59222256
25.85904765	36.2354915
1.243217587	8.915279227
42.00051353	40.48867037
15.63396714	26.19334265
11.2574784	24.98854419
3.269530896	41.19465712
18.48240796	4.491979932
48.28430753	33.46930903
45.05443393	41.82799028
42.66400195	32.24944509
18.36373624	36.3375837
18.90246889	10.49180904
29.96196462	9.43495226
11.36004283	2.748151708
2.870811509	8.635316958
13.61362774	28.86169559
35.52050279	23.63565086
2.057653169	26.03627203
1.632998407	18.76764712
35.71454672	42.45898236
42.34843068	40.8020635
44.71601995	48.89937687
24.74623612	35.88112453
0.170915805	36.34909983
5.020936901	16.1462801
32.63866677	48.46142881
47.74502739	43.96648274
45.99895137	12.38490931
41.13486412	35.5461531
9.876463932	32.66845839
9.118776807	0.562837903
25.89625815	20.34047865
25.93228367	25.87722198
41.72760976	11.62379378
23.02674208	1.37960253
3.897457338	46.62093374
35.73247904	46.00880984
34.73796798	15.16826147
9.969932552	2.814575513
15.15799668	29.94875097
25.43328903	25.10031803
21.37415368	3.013686451
23.58814899	27.01591261
28.08997522	21.42060621
2.41557557	36.87552944
3.195665994	9.851914711
46.08537866	33.53566805
38.97719288	24.19548962
10.12631365	15.9282994
40.66446238	49.11606453
9.212452672	26.78597199
24.60752673	46.82775028
39.39473111	45.44875999
29.48635179	41.80965931
12.14060586	43.1197892
42.54739722	10.60077769
2.430248127	9.875144376
28.94977652	30.63975118
6.694110936	29.41463676
6.33073481	43.60769234
49.46780512	27.79940769
40.29594652	4.461611323
8.972982406	21.29769152
47.71002496	34.12228411
36.32400372	42.69024285
14.45068935	8.974468674
46.08463441	23.14510137
46.68707183	15.28122399
13.23961281	28.03541053
30.38490625	25.86059952
6.801310089	28.67900808
38.73252166	27.89884712
36.13334721	47.81684092
22.23473381	6.381693515
26.38325564	37.732359
23.94451166	21.68884315
19.93072204	30.44213245
4.721174061	12.08379903
12.94812845	24.9361427
28.56930084	21.49709608
48.69022269	26.4692173
49.63215926	38.86469697
18.59894453	27.7097343
12.65602895	2.638557024
44.81627807	36.37448548
16.44067056	5.980256645
13.22594982	12.38050291
5.373700658	5.246392784
30.28115228	15.51558737
23.25774919	24.19478492
48.08970074	13.74265033
5.892358539	6.516389688
6.089164695	2.260101846
15.35314086	14.21524177
10.11829939	46.34160645
40.85288407	10.29318142
47.39873663	11.50969085
34.18664258	11.67600631
24.09964893	7.534165721
27.95209775	18.14690572
12.94751697	18.3329398
8.435288374	42.07059551
21.2832559	12.54250192
37.66288385	4.816233216
49.14327152	48.91820958
26.74177034	33.91845323
16.22385754	2.954575224
34.77374692	16.97341045
24.17100158	45.64584284
47.59170068	23.47973251
12.91362953	42.44980619
44.15556806	39.67897908
44.40589547	3.208696802
13.52588101	22.67383658
8.260280675	15.90950907
38.16408414	49.68150889
27.23357922	33.7283244
30.71870103	11.48517255
23.66022479	25.95358722
19.53838837	33.77261898
35.17245072	10.52540509
11.58556331	12.58285307
30.9849115	34.23914877
23.93755178	36.92884025
12.29450371	33.98601944
24.64490954	6.515449708
31.7399829	29.68411042
45.83867485	1.258271841
49.76244314	49.47367469
21.56724203	16.24084727
33.20332679	42.32952913
20.7766918	4.100464539
23.59372042	15.90928116
7.853849883	18.83154695
38.43250293	49.06599623
31.51551958	6.25409137
7.735306087	3.132737862
34.59810671	27.3205221
9.262081572	32.49483581
8.536142009	28.57912958
41.615512	26.24006743
0.513961573	49.43148444
29.20532133	20.30033622
15.67375388	43.46509192
5.398047069	2.735479383
9.374299065	37.87568962
43.76395663	44.22938656
1.180100239	39.12543128
49.28711232	43.50140681
28.85967712	19.97545951
30.81576689	49.81473822
40.25009241	27.83738122
30.78846097	8.292021307
26.06575108	34.82005131
38.78533433	44.79561028
20.97868853	26.04355003
9.447336763	14.92180758
19.612884	40.43234578
26.5708326	21.66207988
22.63260052	6.988472885
40.06450507	34.50355282
19.75361703	43.61180534
32.90447976	24.41063583
38.78399826	28.58080009
8.007099218	28.07683525
8.124348946	25.63772768
43.23353672	9.83289112
45.87991242	21.02517705
20.56266194	45.39525806
41.93631007	20.08314376
5.896710623	35.91530328
7.022427447	41.11627414
44.2728653	29.83950235
43.13913551	49.06097702
41.19766754	32.99677023
46.28017641	12.42894924
1.655231912	0.883313174
45.41310685	37.9709564
48.5116045	13.24322278
6.375094564	34.94056302
32.89266682	29.53105006
31.27212928	22.11869213
31.34175074	17.4123733
39.47760065	8.457996958
26.7908612	4.214705235
21.89952536	49.01336576
49.67222558	27.46231922
47.06416743	21.82406625
45.60790323	6.249900974
29.69293356	37.80701265
35.88706199	48.03636178
20.28567221	29.95927624
27.25112968	35.50891021
41.47130077	40.57177679
16.93789908	8.681810641
14.8652391	9.907986215
45.84626998	19.27013558
0.863572002	11.46678996
21.63372522	9.191627503
12.94929278	42.61674595
20.07937047	35.44570996
15.18738569	29.30477919
44.40317711	22.90797178
19.07426854	36.39797683
41.78483189	3.509953188
1.506571945	20.96646647
12.4315608	40.3291396
38.66191176	12.6556782
29.31732539	46.24291741
9.103418403	10.62243886
36.16068924	48.18828151
13.19171533	28.38626736
23.55064027	49.76544203
47.2243485	13.1216012
19.03154987	10.91793223
36.95331748	4.827291339
18.5157239	28.26450171
3.888845302	26.34252458
44.76393276	1.741969103
45.81230029	29.11944289
6.136945778	10.9158011
2.684065079	5.36022541
6.571459225	43.7904678
7.055434032	41.71675006
44.03190006	44.4036814
28.18790386	42.63149297
16.77956328	22.69146079
5.298947846	9.811697073
22.42499618	21.85498463
4.356012583	39.03745569
32.20962211	46.53604002
40.82179345	28.27306408
34.87395546	26.70828658
19.71624944	15.09931902
49.82043658	2.576088338
10.22014952	22.99711639
4.281465741	25.60286067
5.469986939	40.98729873
42.22226631	39.79041231
31.68005905	12.33721507
39.59048203	47.30652038
48.91898347	10.50798417
27.92905201	4.24022795
29.12203516	24.32070213
22.22672851	21.48325958
22.63346484	49.43085644
20.11523688	26.89829938
6.737833906	23.76914272
15.01429467	35.72884187
21.3015783	19.84701271
23.96600235	47.21480661
41.56946787	38.24759498
19.53063304	24.19452811
2.659615077	42.22941465
28.00308775	19.18678236
14.10428414	16.71418387
20.3066986	47.56807415
9.290820476	32.00040339
13.89497014	10.76481772
27.78571733	27.73335052
28.3070876	30.2042938
43.68620155	46.40640901
0.639629682	7.483665489
11.51256033	44.49588753
30.06940626	8.278896505
43.18547507	5.13335967
31.93377093	34.85702263
2.397531531	22.83663465
27.34318469	29.27279348
34.96982901	25.81001199
6.559689669	25.14547381
19.78532612	10.92562373
35.9066412	22.65083841
38.11633958	41.88698955
32.97438994	29.26138015
1.137222398	3.246219861
17.05562036	4.880328038
6.974598611	27.08233921
6.15469607	28.89145852
39.09330416	3.118088892
30.86788215	43.18664883
23.24557748	1.899078877
10.31877062	10.85408744
10.45249394	39.97718589
29.68326708	19.33154141
37.8820347	4.149904841
17.75466513	45.90566005
19.61265603	24.65250689
21.91266054	43.66728672
20.28916124	23.76139224
33.75044113	38.57490934
20.82619141	5.144550904
23.87280442	12.31894936
3.875537465	17.17835308
6.922809757	36.07012316
5.85513376	34.87569277
19.26276134	23.40367382
29.45398836	9.316161673
45.30287415	27.26685507
43.49756647	47.14479404
2.317398296	27.19286586
33.73046989	38.67524791
40.16723757	1.226783442
10.64837346	0.782061227
3.779906039	4.449541361
3.313477146	1.866837393
1.613291604	12.41367004
45.09923281	20.55003499
48.07431504	40.12118779
3.593126737	25.32194614
13.69389993	18.44282204
2.012885058	0.648612118
22.02799171	18.85758937
1.890035407	9.677535406
3.106783484	30.80435186
44.8431614	43.33090974
22.20394651	46.50099575
7.733903074	5.924770725
43.93334384	22.45114282
7.971622922	44.93695781
30.33467759	2.302413833
24.69060483	42.56126243
30.51866752	13.95082513
35.53805888	43.23584794
21.34962115	22.87856563
47.41691291	18.40518982
40.67866877	26.80757773
36.70647144	32.7186883
6.826376661	43.09403113
37.65482801	39.68294895
34.39371846	4.400831179
19.27866073	48.60414456
42.83967871	4.868084052
3.292402593	42.92424684
40.4850863	30.46850134
4.399158984	21.88493033
46.75552338	28.66445712
39.19430578	26.9306045
24.99696391	49.10800904
37.45883	35.48462611
21.10703716	28.29286658
20.31097936	0.117294388
25.85855738	39.63872205
43.70158458	10.44295879
44.0271399	14.65838518
35.93897208	16.90160426
31.34957806	17.79104038
12.67471157	16.00152617
32.99325277	34.8712475
32.34423492	9.508554162
17.91452253	17.97446347
43.9346167	20.26779255
10.8186228	35.87879844
18.5462827	41.08258519
36.91337339	4.154631295
44.76670068	5.767637879
33.6200084	13.70558692
19.38096157	44.32594835
11.12994446	16.844108
10.75500517	13.52590127
35.00141311	3.576411927
8.530182888	15.45378786
31.08024581	5.482030322
16.31900863	26.59021334
23.16151812	39.18522418
33.18702916	20.85592279
7.4996699	25.25313279
28.95888683	43.97013209
28.24637918	47.70682335
37.32662707	8.578270739
15.36549338	10.15268777
3.029253018	14.72970555
0.938622379	41.60847627
47.99460431	43.70532912
19.59750339	42.18021362
17.02265242	4.608954142
34.00628806	13.15810458
25.76602585	48.60514709
10.37638192	20.66895899
23.74232082	40.89433893
48.99064965	15.21660282
45.46364775	18.94809763
36.15837266	39.0305313
23.78792846	10.5372391
28.72966301	20.59054237
47.93610268	12.46101139
0.838947729	30.68414921
41.75237958	49.37631341
33.93745516	0.590209415
36.47648064	43.96413792
22.68706016	17.55312483
13.57621849	18.73462668
49.16335985	27.14415896
39.16377358	6.146344547
9.695530013	9.805105126
42.4104303	36.46106174
22.17126729	22.46200513
7.975908597	14.84112034
47.98872323	32.29523534
11.35043057	29.77723492
21.88607335	8.838868384
8.306955478	9.072661967
48.88834416	8.316762346
37.76119699	20.53160182
17.52980648	2.980208376
39.77682868	38.85728874
36.44601912	20.82779854
30.87853732	29.83128003
7.780154986	2.729429057
38.65261846	10.8555999
42.72013429	4.019801186
38.41253638	37.99470004
3.550962732	26.38181791
31.69218028	31.76250399
47.39407469	10.29598174
29.61530687	19.23155685
42.81663773	31.29968075
23.5829968	22.34576699
29.5067582	36.42990739
38.39002073	0.938872145
12.19635667	46.07587853
32.81854241	46.89018837
7.181864681	38.84542569
38.67805135	27.47317306
34.69975317	6.397504544
16.88532192	3.150096168
8.530386536	14.00754002
26.0811646	37.14456939
13.2509437	32.14575859
16.36567525	25.53924685
28.96851745	5.51500794
10.60864381	1.222738307
37.10277145	29.93106285
23.16443791	44.70778702
49.14795442	49.03955433
41.88606357	36.03222086
24.3503916	11.85077667
9.571699752	10.26559794
43.65739036	45.20241966
41.34347694	40.82232869
17.76587412	31.72426245
40.84948806	45.27341343
37.91865857	3.342577363
13.45993848	21.14509669
20.5059163	29.95457357
37.4148126	32.74057882
27.98087496	4.691848628
42.34769567	20.27393506
8.713036096	35.29539751
7.077645141	27.35349354
1.260834032	30.5983069
15.01907633	7.552074407
11.86434294	31.48811256
42.93871054	35.49862616
19.03390281	44.38332291
3.823330058	39.50578462
10.32887569	46.75174385
27.02292708	7.347046298
6.146130397	14.4901787
4.070620166	33.99689342
11.16529023	2.94080448
29.79317208	48.97371821
48.34658737	40.37810614
48.01696027	1.895082301
9.435192323	35.77630073
7.550802292	17.90515643
28.96611923	13.38796091
31.93020301	44.22913935
11.93561247	40.83641892
24.39463828	12.88300723
44.23862521	2.37106563
30.44502698	20.33058782
29.56967864	21.49049177
3.28965026	33.69990029
37.8868601	42.16801847
13.46730086	39.69222067
22.21971628	45.88285269
10.90104965	45.36840122
22.13005569	18.0496432
31.09855355	40.32510027
41.98814475	1.050910648
20.57497624	14.70132066
26.35836441	3.94134516
46.20066957	2.208035884
26.28114202	6.903316967
36.36096166	23.49769473
35.72725209	16.08053171
13.57536074	22.28991661
38.31178843	12.91391291
14.28602696	26.63465144
22.53199035	47.27807088
17.07601649	38.77175739
34.0302718	14.47811555
5.113168473	38.73164656
8.714962896	49.89043636
29.11474941	34.82660621
13.3128191	12.40994702
5.712764269	16.78555023
44.16010422	20.3872325
1.297004565	19.40060755
33.84986671	12.09815356
49.11126324	28.37503657
10.66664233	45.75848635
39.02576657	26.15578512
40.19947387	25.34397915
0.761559597	22.29389389
47.33889066	37.60865675
24.73905156	7.009285591
49.44127425	24.09041697
36.27934783	4.363880922
13.27218717	25.17295619
11.2517781	7.809398809
16.88517311	27.89857477
31.464761	22.12797678
8.26791942	2.652262149
38.17436245	20.70252238
49.05485384	40.37141408
49.72571954	36.45752831
47.26953067	12.10868182
49.15952786	31.31530075
9.059466269	15.25844369
5.05035684	4.704733829
46.30830865	48.05758067
22.7630663	44.11871533
21.54261061	3.899892394
38.24626658	15.35061542
3.268850486	40.61190723
4.861403352	42.79916812
40.28615721	7.813443321
33.22988714	3.511397494
7.887228182	44.00540112
7.07216783	17.56434164
37.91313549	5.281413059
16.56473572	44.1642883
8.129333225	37.23764648
26.3453864	33.79570876
11.90043921	20.82283217
44.80979238	49.08239789
14.25957353	47.34276209
21.35621326	23.31703966
16.24944981	31.15395937
45.15784892	44.35164996
32.99959625	22.51335927
23.73951944	5.365860076
41.30254774	9.080918861
3.372847157	8.918727199
47.23736678	43.51648143
49.14496402	40.75144138
10.8258118	15.36378794
41.27287593	34.5097614
15.34954089	14.085262
48.3156835	37.14911867
20.24942525	48.38260457
45.98048092	8.919163866
13.60428641	34.87793821
10.17487639	26.5866431
46.80218755	5.385590505
43.02670201	44.37087683
33.83999266	0.400654486
20.16792277	1.659090222
20.75053459	8.747682507
31.78746556	28.41332935
27.17772674	2.393314062
25.80243748	39.00497786
30.13799226	20.37036974
34.15371254	42.927012
41.73282308	34.46498634
48.68624038	49.63735729
38.59157913	22.42982996
23.04125728	19.10946892
23.89667495	35.67698998
23.75954299	49.04993107
8.767641385	9.462796175
27.81636971	5.495586856
17.38188409	19.33725107
48.71275603	44.47689119
1.393356025	45.16942363
6.824619273	16.79574083
30.16521001	9.836229834
45.48804433	39.01296676
49.23971118	1.194209073
35.15646294	35.11793126
18.41881942	29.02809181
13.81316251	5.690357944
43.75228995	3.72878203
27.27446775	46.51486246
13.24180121	14.20020035
3.855574879	15.89211142
13.90591329	30.87585269
15.36844065	6.806951373
14.48500403	12.29869585
35.71392402	46.26868422
37.30261114	26.32905812
3.772248233	2.421733463
43.20714341	9.895313109
2.733169725	36.91420583
40.16611899	27.48879836
12.42582353	18.89347185
36.96743124	43.6852659
46.41508162	12.07869099
46.27944737	8.252165798
15.9867923	8.366048097
3.359958922	48.06194705
24.78417043	19.76089042
35.3773237	41.74674463
7.651965401	47.24555625
1.138611114	21.54718766
19.21047865	6.952074514
37.35554886	14.03820622
40.22713882	30.55466073
44.07876319	35.09104109
3.711237587	29.02238368
42.91859723	31.23329265
3.79948002	27.85676253
39.05059257	30.22490638
25.03882493	13.7432216
47.12372813	33.84312867
22.78765881	32.88809715
12.98926492	22.91400202
17.46739965	47.79671178
3.443303591	44.82899837
30.79097802	33.86190016
27.84198893	20.90074828
34.98067529	5.593387804
18.66778008	36.92619992
43.54908714	20.84574533
48.27513906	27.90689741
27.49537246	43.1902796
14.75245815	45.1316273
32.39652064	8.079823141
36.57285604	15.76780327
5.322418969	5.556463652
34.84703079	10.46513347
43.31529713	48.39915976
5.398663561	18.51759845
16.03631615	41.20641503
36.65685371	15.15485447
18.72826465	0.358563862
35.40257581	24.23962153
40.128121	9.126484786
46.90625979	4.375732277
32.02663829	34.27654816
48.20084683	5.280583937
47.94487533	10.9228867
49.01981001	15.39969346
3.128139933	18.20809181
31.10191965	38.41780827
14.1034324	43.19909844
43.03632854	26.48048354
25.31002581	48.08708841
49.90441563	7.609671268
48.32459769	20.44160407
0.989210841	10.7770825
42.99014553	9.1703483
8.649076589	18.00500295
34.12618077	32.04934972
45.23570555	17.93355651
0.143735762	48.70472173
7.048614802	1.850995484
8.626538333	40.00174929
36.26019888	44.83646981
30.1470418	8.248099484
27.45172199	24.04275722
41.01509029	40.07795557
34.15917468	21.94243986
7.345683818	18.43280067
4.688013551	38.07667768
3.427526571	7.250407356
43.71560609	21.4888468
34.73689641	26.58738529
0.889309352	26.78037869
36.19674344	29.75683632
25.82790275	48.39241326
42.52849741	36.8747586
10.10590458	13.89269606
37.05142214	33.67066908
9.640922492	3.851081748
8.86038842	31.04365507
15.82100404	37.40864734
37.45765016	47.55565008
35.49816093	15.30520222
17.69412477	22.2724236
3.582424651	12.92561696
30.32335416	25.74636298
1.966333029	47.16861279
45.69349101	19.49262122
19.14904875	24.49569806
18.75430061	29.54897225
30.05761739	49.8277665
35.89007164	46.51162854
3.125414987	36.34505344
15.53540142	7.371037612
23.21745863	11.44199604
46.42108427	22.11791444
45.76873238	34.80399248
39.10412614	39.77471643
23.23826358	19.92129125
9.965232081	45.20157394
41.68853839	46.36115975
10.94113897	46.18820931
36.08456155	37.88054421
40.44344066	39.16238637
11.09096896	7.932012391
10.0432147	18.5015229
47.77867496	43.52157672
14.15876263	8.156510344
1.256410901	1.092894439
32.9758091	4.934899809
29.51542179	49.8103657
40.6442443	10.30722287
15.09682427	35.6062388
10.15731617	45.00198042
36.81536934	37.62897559
43.38306303	35.01778326
29.16583718	0.950032696
46.50998854	10.71417943
38.93512054	7.019881308
17.83661214	21.64124762
1.665176323	36.92085053
11.16327531	32.14703886
48.94071734	7.478453471
47.51575503	13.4946543
19.18451239	40.61156482
18.53928151	11.22294156
33.90849203	7.975861771
30.11788614	27.07195569
2.398796269	28.83547782
17.7564798	41.06861932
41.41587486	22.10277218
48.00078027	20.98991318
22.47387193	34.85432553
28.13134984	20.11639125
8.63090638	2.745507184
5.394458397	31.49878903
49.58237327	33.83481965
28.75320814	19.85147631
20.83307878	5.682926301
30.6219844	31.7305396
41.98503082	45.18451348
5.202463516	27.08273816
10.53605057	39.20399074
13.13169642	37.49954896
28.62803414	2.590043168
1.209485309	14.39380046
7.168750727	32.99812377
2.025388006	18.22687235
29.10592305	19.42866803
6.428865807	23.18962912
40.16100964	29.50029184
15.94912203	38.77259792
23.84548883	11.15594067
26.48742813	49.01378903
36.0160267	37.10382063
39.80754514	22.29519531
31.83168151	41.41171334
47.66580923	34.4523448
25.12126404	41.35484285
49.11128475	31.11985935
33.18805563	13.26052845
15.79025899	35.13563562
34.8383383	14.0622537
8.251235309	26.27734844
25.83106846	17.63777104
24.15904897	45.90706405
24.56078975	1.099425335
22.1350572	25.67597063
38.33494541	40.31664129
35.26978439	39.12856212
17.15496975	5.092571793
25.37077812	18.635982
36.06707127	5.473283905
47.80376135	0.578423215
6.513918682	19.42205875
46.36087697	3.896132891
3.142394245	44.49473143
14.12766186	0.777028861
16.65077471	24.30695615
3.20915496	20.67919277
32.58319037	42.95562393
42.19921134	19.37468674
21.88157184	29.05741979
20.9358826	17.54231912
21.07105724	40.3993092
48.42506147	5.308538907
8.967435306	25.97627594
7.1078642	43.9867571
12.3033029	29.50380174
0.09824916	8.27099363
24.96733215	38.65682622
5.447943287	42.81658395
27.68299872	5.293017931
31.24431971	3.797299587
40.94011286	31.69112366
36.93984601	34.04185077
20.37269885	34.85986972
12.87240963	19.50738558
32.68366733	6.106365932
10.08809744	16.99380618
14.90540496	14.91236934
29.61028635	8.912200691
42.47620605	2.572404412
14.29179321	0.024529457
45.64313624	26.96252531
11.36727161	33.91083464
32.49977195	5.321913196
18.7178765	41.83521832
32.33958117	39.86370763
2.177556892	29.66812974
48.45630907	33.53494724
10.2878224	0.963025098
24.61359367	19.52045542
10.61353037	13.36550775
49.85230707	16.05073748
27.63813531	8.45155174
32.93393348	48.10086587
11.56863181	39.86331157
36.54987999	17.51539347
18.7314483	48.1889753
36.40733218	6.388090273
43.06623323	37.00357399
14.71769089	36.27087139
37.06471212	23.21116194
37.06851401	4.750003326
33.36555856	8.046278901
22.44902887	10.49926769
15.68178426	29.90911896
4.316770503	11.28159505
33.000471	19.7332735
9.149283982	17.54592859
31.15224183	9.193061828
1.126024498	48.7251261
34.42560355	44.8669855
8.385143977	42.74711049
10.31724605	48.20167609
0.621606724	48.84796969
15.49111699	37.94591162
22.7573705	28.14663884
25.44961715	30.2610766
46.50773751	19.67394601
11.27693227	26.00022948
28.89297367	16.84898877
22.9850332	26.73868722
35.7626844	41.23447917
28.21417069	44.77662245
41.99286381	23.34443188
18.7976059	26.0383566
12.73011321	25.5813849
39.95535661	4.520382607
15.9423899	11.5870898
24.65708669	15.65480851
22.20723623	1.334558209
43.27082635	13.72011069
48.4162896	0.66222227
15.19525169	37.40548744
46.4160284	35.41784702
42.19385794	8.13046253
14.71838174	35.81746725
17.86207948	27.69184055
17.5818316	20.03447012
47.63673842	44.15393781
16.2383971	45.05898488
3.664501408	47.83238672
7.715425357	26.30733038
26.63096122	6.611397397
6.754951189	41.04980581
42.47155573	27.97669246
42.95840427	36.9328449
32.25451829	21.30196074
41.06042696	43.05434273
3.814950902	34.56183071
25.37780364	28.15845911
14.38746869	33.70167116
34.53995128	25.10220294
21.78635618	9.271958544
44.61985862	5.051661735
43.19065173	44.06834187
22.31419245	46.27733728
28.67476064	24.28173557
10.2986309	24.04470402
36.76182836	8.48955977
12.59472189	18.78758407
35.15281879	3.952915546
12.53195557	39.70475349
38.0500687	44.1863199
32.9409925	14.99119131
16.97076905	49.38804085
28.02694141	11.58489251
49.54040973	43.05380452
5.444702273	26.23675536
44.95245023	10.03669781
35.80166692	19.35275355
21.3388152	26.11263357
46.51124553	26.89928102
7.82585153	20.72799606
34.37338473	28.89864621
28.61969321	37.29129735
39.50872316	31.97625913
7.593489342	37.0736214
25.0587261	31.80930813
1.216788105	33.93608645
22.55698347	44.90021575
9.693174926	15.47438838
23.59920372	32.92166066
46.81156608	11.3342202
24.27693485	28.10629244
37.82009886	12.11002003
29.11333551	5.252028196
19.38039778	3.694389575
46.7416636	31.60667607
39.50935503	41.59579479
9.492515844	8.228853094
30.1743582	29.9822932
29.39546764	19.52494023
40.33186543	7.813782967
42.67190926	41.60534237
25.46154619	7.456611415
24.28683829	20.46706163
32.48553634	19.23427697
45.21593605	32.43672019
47.90856588	33.83618847
41.87623143	0.294269065
45.11728474	17.36568365
22.22139419	19.70572215
40.94901897	14.45973616
8.977664274	41.6206866
9.743849389	37.50987145
7.274466571	29.8785415
21.31716895	42.05583734
38.48950851	44.83611139
0.894077549	14.32554235
22.40622421	26.88007163
38.41239096	8.360459488
10.54013948	19.26917053
29.79109258	23.4971375
25.79047944	25.72353177
1.43003061	45.85692135
43.61270141	16.55647103
35.62200224	1.6268098
13.90673501	3.659635954
19.70506007	25.20025031
16.33930513	29.65090426
45.96300191	21.9918236
8.345490826	11.73660992
39.90584703	6.595436751
16.09256617	1.169280952
27.68920196	1.239581774
31.0293891	2.752540395
15.2070721	3.670101612
24.24526176	36.00188936
17.26769483	38.81650348
45.92359029	18.38619923
3.284771387	2.9179154
48.48955589	21.04991081
38.38636807	14.7347043
24.97153176	40.19450189
43.57500531	12.05553569
25.59189618	20.75771151
32.16947896	40.62161524
30.86182151	26.82937498
42.68213643	45.45541461
13.38507357	9.516895079
24.76245473	18.64643695
46.11475735	20.94619763
29.72634659	6.502914444
25.01717056	36.09249972
42.60244692	1.855084395
2.008615006	12.05065547
25.06432008	14.89120782
36.68413053	24.20053281
15.69569924	44.67272478
32.90760163	35.92704373
42.70414264	20.15191931
15.91942617	3.809047705
17.75212578	21.05189997
41.29749423	43.22576096
29.06174251	40.22940862
39.21390467	33.58894858
23.80641594	34.51962266
32.65273305	39.23128677
42.61559774	20.93248384
9.779147779	18.52122518
14.76531813	8.867073111
48.87511219	1.417641312
41.71990477	7.046558681
43.05634666	15.09301433
5.1325311	40.91975899
31.59019139	41.55958497
3.190255529	2.965236643
34.4445268	18.63435891
37.89342642	37.61878016
27.93925457	19.76855519
44.90717674	19.63405334
13.47227774	39.80107906
30.53557522	16.86292712
37.94569932	33.40120694
8.173639425	37.13380258
46.72907661	43.40135083
11.91238468	41.52170188
8.435330789	10.32432914
20.22662622	34.57411948
49.20416519	36.40815637
14.35593772	8.76478288
15.22750295	40.67026907
32.90190389	40.63374212
35.57828756	34.80341102
43.25375496	32.42254286
16.1158357	3.848953388
11.0340958	23.97388191
42.07531321	13.58730952
16.07727821	22.73099673
36.40565737	42.92628126
20.84050922	10.27250958
31.77725606	24.65245884
2.643642868	18.72588692
13.0438671	19.42170045
39.29920719	19.09699219
5.015793842	31.13638834
21.40400616	36.49495728
22.40531802	1.751868194
45.44899768	9.957089572
11.54977266	20.19223995
7.225394443	46.40504466
31.98669891	2.30680905
28.98623138	10.45120223
12.77146373	48.22749482
3.935540547	34.94972971
42.97635964	44.5882133
31.04487494	33.1101828
37.17697411	11.49289312
37.62537097	31.99642866
34.00384529	48.14855972
36.82263457	24.77508546
30.85641884	3.578794556
0.5711491	24.81237988
46.91182191	43.56127944
38.30526806	2.480131288
44.44623101	6.910291066
49.06174084	9.376667235
3.939268653	31.60920236
26.56727651	47.6390777
6.008645911	36.70800733
48.01192597	36.82446362
14.13743174	38.04961095
1.884700074	29.72930798
49.66146839	36.87506764
23.43182964	7.82321746
10.23356993	9.227131194
10.99577081	25.94364944
15.22989136	49.07627259
11.44152459	43.52910737
39.52597046	24.93459969
30.20113875	45.41446009
22.85015445	29.40419397
14.06775468	39.44735542
28.27094127	17.95142278
49.48075903	45.2796911
12.52673686	38.22913382
47.11123477	24.71643401
45.5905097	0.076607157
16.92076453	33.5773655
33.26248398	41.79979755
18.05624269	19.86551188
31.17580759	47.0015201
32.84265154	11.52598721
31.90796109	29.58856296
5.076851655	3.807991331
12.33797673	21.00848434
46.1544439	30.95827688
49.87728553	19.50168649
30.81795892	25.85433472
12.42408183	30.21037704
2.555748684	49.90029549
26.09979271	17.96756158
45.02128705	39.76573677
32.93193604	4.118326614
23.83518263	38.47084192
46.31359525	11.236733
8.119217448	16.50026283
23.88564933	39.12986829
31.00886598	23.08464491
2.969799387	20.41546603
27.78730836	47.68849282
49.30379665	33.30277792
27.89936487	36.41136042
22.70238685	11.24870291
39.67578458	32.34981643
23.56876862	30.86039115
44.65297052	31.39158636
10.64185297	36.60415584
27.67176904	8.82379468
35.05529814	28.14354744
39.4308298	39.2837501
37.36913768	6.9683417
34.72408246	29.91701353
27.12504746	8.906442619
33.55216421	23.42310011
4.329486473	31.04805132
32.13579946	18.75985901
28.65281678	13.6577367
4.268209659	1.418737179
19.91859393	33.2590122
21.07633946	19.61720355
9.94219435	33.74304391
6.529531525	13.85106847
16.87171943	45.87171951
2.73704804	5.106151718
0.158464541	29.02926232
22.93184917	3.928980249
19.0163142	38.70125758
7.362568155	13.98966738
0.825481219	47.71514435
30.66586346	1.974676615
46.34905837	25.55090956
29.20228396	2.067551447
10.30711644	33.95402614
46.86656816	27.91046571
47.20238544	14.30756792
31.28258138	48.34858665
2.951414582	42.76130013
43.01751893	32.04302833
40.14015619	4.557227956
9.933429184	8.00922702
22.58031821	32.61570629
20.57076598	32.10171181
43.81294531	32.9478687
4.175217177	8.128742515
0.268304962	6.260041842
25.61361901	20.74392651
13.42504827	16.46104173
47.60632378	8.688583228
37.88833124	35.02882598
38.68608575	5.670207297
40.25243289	19.94008987
0.741659824	27.90667095
48.51034326	43.94060809
35.72229381	40.02476426
25.31541214	37.21507323
19.59531839	36.46242821
2.156102619	32.01279502
5.751614463	40.55414993
12.26788373	3.172885717
5.001542114	48.06469893
46.02566551	3.428542867
39.78065715	30.03027471
20.50414682	11.15751085
35.17948911	2.989978806
8.399446997	36.08718408
40.28829564	29.94666757
36.01689813	48.1030644
44.00388376	37.51715945
8.127607227	47.47399048
23.9997839	20.84245284
15.27958467	2.236727091
25.12972496	1.739418613
20.76143434	7.697513298
12.736783	13.2537274
18.11691112	33.35853135
16.12121682	19.0804396
39.88318125	44.13032159
13.8640272	8.443152759
47.67221777	2.539121781
14.25545814	24.25855947
28.79509164	22.45893469
28.03452358	45.95805022
15.70057145	21.36033099
37.81156459	17.55434542
26.65428856	15.57228286
20.0224326	4.872894576
14.78503739	43.18271689
28.62959816	8.79369099
41.60082264	11.34524829
30.86761444	35.46362379
29.36094467	2.90130244
27.81577113	32.56688081
16.36048065	9.879615995
49.6028788	24.2242684
42.98528658	5.641928035
38.77220131	17.38593517
22.43805887	17.7705952
27.844047	4.80552303
40.92905803	45.40071668
16.33576463	17.53598782
11.88296568	39.33389157
10.49152387	23.54187031
29.6753293	0.499042653
21.67766899	1.871483902
19.17342746	0.975671624
14.84400523	25.27240649
31.54419866	10.70373731
32.00756136	7.286178831
13.80774949	0.280786445
1.029877879	18.2484821
45.35539266	19.99824433
46.26696422	45.34848102
47.29857343	16.49195236
0.606278784	8.314463197
7.618096912	11.88200945
9.384699012	27.21757511
45.46466598	31.46756238
47.25634634	10.82577983
27.52579559	35.42899124
17.2241274	18.51122254
5.584842679	2.349691527
12.04561589	19.15418906
20.41879175	40.9951462
34.28194298	40.89216599
13.98465429	24.4485245
6.679899157	2.740957524
46.17069766	19.66430474
7.947088929	40.43188051
41.02560171	46.24131385
35.76514348	28.11413691
13.58509353	23.09035364
8.613879655	9.55318733
31.85927911	22.37734938
5.44225312	40.5473375
22.49348485	24.34490193
6.934959527	37.27937619
36.83560621	7.60604557
3.589540029	0.703098596
5.282648511	18.24117821
12.49673291	0.273013165
39.50073018	12.46938339
45.60936536	47.16685827
47.68607107	47.08943483
35.2485577	12.11336181
12.31752578	24.88897505
42.03135921	30.65495076
21.06436419	32.25665392
1.976028802	27.51399357
32.85723089	25.28474214
4.987770721	9.100797711
5.240868893	47.91938252
46.27369524	34.37954013
6.749235389	14.43697766
28.47887752	44.19988829
48.94872524	23.07875633
23.32021915	39.77908225
20.35571458	26.15211766
41.83344567	4.387904675
14.6438862	31.6044666
4.955492771	0.315710589
5.598325817	38.99370893
16.74758789	20.71838257
38.7279148	13.5990043
49.31751048	3.454358302
14.73578197	38.51991359
30.58786572	31.93045573
7.322244809	45.30098259
48.87910078	35.8355577
34.37133055	34.05621949
20.17150166	28.86738139
13.30246553	10.7029383
26.26285076	28.93334472
4.519189516	28.80997781
8.742954845	13.87029939
23.31084319	9.100467324
24.3417041	23.56663455
13.41998008	6.033806998
38.96234226	17.66589273
13.83961468	34.30570419
28.55951581	40.66812966
3.267048316	29.86134543
19.06211534	19.5250562
2.672742301	48.05351697
45.24645985	28.2435494
43.32443927	36.85988133
25.85188615	26.25879958
13.09122145	38.81648513
46.77672999	44.8752148
21.9707895	19.65054594
27.77366493	29.74444369
41.1345214	22.61453057
36.29905716	0.299253584
29.61769796	18.25335992
23.26206605	14.88447616
10.65581257	17.66254855
44.41217882	31.29941341
8.856994192	40.46878923
7.114382254	1.463306245
2.779147536	21.33697458
7.606877886	27.79074115
30.84757145	20.96718433
1.090899294	2.470148911
16.06650866	29.054133
16.089857	28.61214246
2.37735326	41.35580171
36.4068143	25.58887348
29.62201878	4.865606453
26.4393691	49.59557203
35.99258595	19.73957972
34.86014431	11.86101446
47.32028813	21.04671609
6.184942708	29.16154193
7.410336541	21.03328047
19.59818506	44.68771614
48.40368434	11.11333949
48.96608095	46.01427073
45.06318857	43.73118511
22.11893359	30.19999547
21.31244636	26.70498663
1.999775704	41.70282245
49.18602328	49.57511977
0.201666113	41.63614292
34.58849365	15.07590124
44.65672752	36.82898565
25.69006041	32.70114395
31.21335392	34.76122135
49.59541555	14.09406557
46.24038829	29.92094033
29.08881097	36.0682268
17.92257111	48.15625248
48.55640558	35.86079814
25.34476125	37.50184506
19.8914633	34.48030725
2.434853693	31.42464405
8.800027703	44.0263756
48.23154481	7.269133843
43.35408873	13.7803633
4.925182217	4.5204597
25.76687186	22.80601825
25.93026886	45.26631148
47.70684605	37.70685495
36.93348253	40.73174497
32.41643279	20.92478677
4.072954428	16.33387224
10.25649049	32.01885776
17.37714117	29.44454176
3.192296085	40.46283202
35.0227928	4.210480004
43.35617193	45.92612472
41.11130071	24.65476362
29.46764971	18.19254633
23.08847598	49.02831719
36.54200104	10.21511349
4.835085128	47.73617329
49.14417709	2.131577594
20.22743137	19.17404714
42.51683411	20.93540302
47.62196194	41.29394487
13.6283558	35.88357788
22.56804337	49.83258492
12.31427824	46.60480231
39.96183183	22.11963511
37.18124689	32.27541133
44.6794988	35.81144112
4.505337931	9.852502482
24.47218651	16.7514507
4.324261757	2.844793926
48.70615358	46.66336014
25.69551316	21.87321866
30.75332681	15.61105048
44.07458419	24.58387633
21.54372921	40.63961219
39.00876686	38.0656832
18.99737819	2.23811369
37.62743244	29.05794618
4.919506558	3.744835143
0.736733659	30.61122565
17.83219954	22.45585957
48.70059596	44.98978891
27.95038614	10.25899262
21.32929165	47.44513934
4.333806224	42.9666062
2.327566991	42.03308611
40.42880224	21.26774593
43.98540753	30.64636319
32.08243879	44.2992982
42.71566085	48.52898538
37.99375408	14.48697393
38.17173187	7.575763522
23.22856221	1.62423648
22.29176134	35.41781481
31.11190211	9.924821469
37.14575371	25.25973848
10.93144873	31.10654769
25.57552423	14.75573558
28.39549233	28.98117449
40.94329637	18.64922062
18.40097868	43.22384121
48.96489126	44.21147631
16.2065797	34.18161611
3.013828113	49.15235641
16.39997334	34.28678759
23.55038274	37.5907581
18.0981208	42.3151194
43.7426648	9.448130326
20.08016037	11.17347861
19.46189407	27.62040423
6.039514258	10.36777899
9.580403578	22.79832643
40.90494638	3.860873747
47.38508467	26.75130571
43.07963802	38.11605223
8.123799944	47.05862229
31.41156119	23.40060967
39.25585082	24.74862243
0.300505314	20.34716027
10.70519287	19.37170305
16.85861472	16.90139527
11.19104294	18.09371187
35.19097805	20.48454589
45.05023598	11.8837029
20.25959636	8.422456686
11.37681823	21.85502519
39.57527264	20.85947933
26.81454346	42.90426048
1.55504958	26.4930561
28.11242771	25.20897131
14.24665035	26.80062644
26.59133335	18.87561368
49.54928578	21.08545363
49.70909828	32.72277223
30.70510616	47.73304631
3.855421168	21.73488766
4.580552291	28.20310049
19.55023181	17.57245537
24.47001487	22.48540394
1.394888454	7.854242221
6.746041412	1.494306041
29.71186479	30.1770639
0.536250969	6.80732332
41.8984495	27.47202863
6.761878575	35.23336532
25.95869763	17.36551341
31.13958666	6.043657467
28.01958472	18.51954253
13.637086	45.46472295
36.04848211	38.16640317
24.75425984	13.01147248
22.85940463	6.756391196
6.503612295	41.60827422
2.209564659	47.41138129
48.58446441	48.88357987
8.730293384	30.65136699
46.80524929	45.58291521
45.1087254	34.98899231
16.60646612	32.25581268
26.23871404	10.83340707
8.785882096	4.775686225
9.774140735	31.95044763
42.78842644	7.283618507
22.84720604	30.18871918
11.55279605	19.00411623
49.26321533	3.65383671
10.43324004	0.215836123
35.68877226	1.016571335
19.09077048	22.07346666
35.03662494	9.48741798
45.00058899	9.293286226
16.00680951	30.56490777
41.62632517	32.92397475
25.4560723	6.628506854
10.58634497	28.54842258
41.30297165	20.28084486
29.51785547	20.27653007
41.38333796	40.70724536
22.52340982	22.7466098
1.243577965	20.65164093
30.21387411	1.606900177
25.03738358	35.84546258
39.24592848	0.448814668
1.69888217	46.29126985
5.73412772	33.76622508
0.304208645	42.37741258
17.3837562	3.948093522
18.40766766	18.0537205
26.65363369	24.79809167
12.71446004	14.47106806
40.34599275	25.6671782
26.78216025	43.22328499
31.42872501	37.07724378
30.09476299	11.34964366
43.27423708	9.196970054
39.73946605	3.718070119
11.7879485	35.94716038
41.63785589	40.2973811
2.302816528	11.00287445
35.13195322	14.51161647
30.47628444	13.18885555
27.19587501	16.75685126
23.02041287	39.20272945
32.06858497	19.08788609
29.07540131	43.04610002
24.33906872	18.75480522
36.75454959	31.05332384
38.17640528	26.70995824
32.54831411	26.68211976
11.5060387	20.36843958
21.31844558	25.29044284
15.25549299	40.70564975
10.01988033	23.61800005
26.15860328	14.18669663
39.83650809	0.199458974
46.64402399	47.376484
40.57600796	23.33058787
20.48195469	0.737605469
1.431873746	17.55939407
29.16080453	32.63045228
16.54834751	35.57835336
23.63188768	24.26284932
13.71902779	41.99328779
34.8046996	9.400961089
36.22027688	44.41653605
32.49024647	36.87447255
37.51514438	15.07227754
14.80307657	18.35045641
15.82139796	37.71116651
44.08719438	0.460963451
34.87283305	28.94195733
2.49118302	39.41709289
28.97956438	0.046975785
17.98667837	18.10215087
10.51784448	39.39836001
45.64214836	14.71036678
11.60234656	19.2179335
32.73248802	29.10979281
13.04119202	4.709994131
38.84462516	2.961152064
19.06694936	5.89179531
33.75445381	43.3097052
41.01222699	13.40396091
0.251646507	24.82414338
45.91360319	30.87844608
10.31574005	4.247629581
15.03773068	26.99309862
48.1632054	43.14377181
24.80063407	1.159495372
30.78590463	31.07037186
37.95229534	44.4014342
38.88049252	33.92483065
27.34098131	30.53168607
36.71429516	44.16152122
46.39301913	11.21954651
16.40201627	8.029139242
27.50416611	43.11207605
13.24593563	8.447593422
13.76475875	29.21542778
11.91595295	34.54245048
48.97573549	46.41173173
3.147478571	34.06839487
42.56350567	46.24806371
48.80918757	19.5118981
8.355251932	34.46261229
46.26222286	31.16225616
2.323776965	10.38208602
7.700442347	4.128394415
22.41770799	10.35445368
42.00308115	23.43235394
12.9309041	33.44675612
22.53327364	26.38278412
12.57391863	29.17891695
32.14062835	45.43114993
32.69369531	11.12040476
10.17335206	4.125474415
43.80973078	23.26913823
15.77528824	25.48371441
36.89515895	4.905610226
24.75651985	46.7675916
13.80303834	27.39238785
7.061684902	0.293530365
36.05467619	2.686085017
26.29020181	22.76272276
32.01696469	23.78655216
14.19833037	16.48349814
41.65822386	28.35836292
16.63534981	27.67240936
39.21017775	20.29008018
2.590563844	38.2915775
32.69237345	0.334195526
19.04055563	38.70388487
6.75141556	17.8517681
13.93961463	39.37692688
16.64873489	12.0105904
27.07000879	39.04312499
5.305306108	15.89263553
25.96040537	5.04403889
1.303900442	31.82524341
32.08557189	5.010534623
19.06836008	32.49868167
4.063235295	30.31956256
41.68694849	20.52972842
37.96458533	12.06403484
37.44247219	29.63083436
6.3912938	1.606425957
21.39108694	16.84929614
41.08588994	12.86848857
17.02009595	18.31397083
20.7577357	18.68039867
4.563921029	6.202005155
19.09267963	13.70624205
38.75913573	15.86149476
12.47954046	29.01706427
5.919175631	15.9411294
34.54512622	10.5511241
18.83233905	11.40101355
37.67234258	24.10335594
38.9610784	9.425260219
49.78249404	4.243952488
29.47436679	22.57661297
14.93555155	7.844227664
46.98068939	33.87524634
10.4608733	5.48337095
1.229763023	27.537041
21.80063893	44.3077133
19.9721327	23.37291206
49.41804137	49.59624512
10.6091407	11.2035171
43.11357879	28.18677973
8.894362485	34.68215191
15.16506852	42.924568
37.72904451	45.74513417
21.55032388	14.16588986
32.63123849	20.52974177
13.01966935	6.425164934
45.21876237	7.101395284
20.36474532	4.52991683
10.83945313	48.42722178
6.685168243	15.80600614
8.516766711	10.36414078
7.643604491	27.0250214
45.53278853	2.347194482
31.22886402	3.496637709
12.17206149	39.21091281
22.687256	30.71805617
10.63101334	6.653432783
46.3047079	36.17010392
44.21231297	11.51745387
35.57720335	12.14121984
31.9560084	47.48111354
3.31748787	13.67758822
49.37613977	12.97696439
11.11194893	5.916766011
3.240701756	37.53338088
20.34511765	47.75539123
0.603484494	11.43888779
36.04016669	7.682221089
44.82177627	4.726416768
35.37954947	24.3258164
2.927539271	17.72655564
0.560600241	49.26987257
34.60082133	33.69504556
16.46383295	22.06914375
7.307700122	34.41576307
25.62057518	12.75799907
10.51665202	22.05561794
9.316703416	2.869194182
3.456164714	32.19905866
34.78057746	4.386958121
37.49251669	18.65819411
4.729074519	5.337034257
13.62339933	11.55426962
17.37611232	47.92566132
9.391474717	25.47464973
41.56759628	36.16403761
30.75204859	32.5600999
1.516437166	38.82652916
38.10281589	27.06740647
10.97297799	47.10025968
42.1153889	48.6086374
41.91064847	7.009594878
46.41718133	22.27534583
38.8723793	12.7808932
17.44386163	41.95305915
6.718686475	48.7974327
30.01473684	14.30056908
28.18813321	14.35888318
35.51494547	7.435633051
34.74887197	9.044725866
6.443139741	37.49426004
18.51357522	11.58433364
4.758804419	43.0251452
18.27996069	35.11052034
46.18633914	7.038512091
5.408374198	20.07703115
16.86804594	47.0037316
7.367405236	17.69596182
20.80181266	35.62855965
37.16334936	2.712003802
6.277909871	25.92831762
14.4052907	22.15242833
14.91375856	19.36343211
23.61452418	34.27822271
26.30204157	3.700240591
13.25067329	10.87390993
14.38030024	18.28083105
23.22777191	8.443294718
32.08375289	30.36934692
22.83330656	39.84047937
6.051707918	41.65886576
11.63168057	6.375322337
25.3328212	37.14731579
6.830089106	46.31418249
26.88210424	3.691685341
23.16572681	40.77388208
40.54200955	29.6043243
41.33212612	15.32911508
10.20149295	49.08675676
27.84672504	10.48619325
45.51239546	3.243727408
44.06092996	42.63222467
13.61506033	33.02146493
2.417107423	39.49003206
25.66206255	22.18546999
49.47316226	18.08161058
41.69915464	27.92030804
19.42427354	6.213396562
41.03406001	48.63029185
29.02242578	22.94233302
10.480125	25.99854514
36.3647608	31.521076
0.761736755	11.73035117
21.11929643	29.05820521
14.73124573	44.06010401
15.67858162	26.04069227
16.65128357	23.82956928
0.387790441	24.11483709
2.281591139	11.54279617
38.53408686	24.66324002
21.91438736	29.20209523
4.920886042	43.98165839
37.25661065	30.06624056
46.86625644	27.80015705
5.807853563	1.037101331
7.054411479	5.634002382
6.246753551	44.20496718
31.06009213	37.25348535
18.84826916	3.261016041
0.45911468	41.47644581
36.61698694	25.69000698
0.051127969	19.39075025
17.81296737	7.509631279
23.73312219	49.46065287
37.04927298	49.07045271
7.712579728	42.17910966
12.28246516	15.77103484
15.29543063	35.54327959
10.86292474	15.19527683
40.73934006	37.8352398
12.05506498	28.12829898
41.09691006	34.54906948
27.78458218	25.28728365
2.415753459	5.444684124
11.13116927	48.97190328
14.23589013	19.057266
11.13562311	29.36064859
15.95267817	46.0587516
13.38164623	0.460448327
35.23011401	31.42302927
48.60124824	35.41804489
37.54282791	42.55520083
10.27825596	49.03872739
48.81304787	47.76807089
16.74937492	2.248041691
1.737495935	40.4307309
3.876155748	11.281496
43.07286857	32.38492383
44.40376502	21.39001958
24.18385676	0.214749175
1.680453658	12.79618687
43.51584133	1.8925914
15.22711909	21.58135156
36.71998217	33.62810086
6.999629691	21.35933024
34.08311162	11.03467574
27.27417978	45.6977328
40.28000342	28.02052557
24.20274219	37.72134042
0.90569546	2.802163975
34.36002981	33.89303009
32.77728249	27.17456337
40.0360294	46.24579481
21.60844061	11.41474554
27.53021214	48.37666287
41.37175059	27.71385666
9.623479103	38.36972119
8.96644803	14.00617099
5.887978788	1.254169107
29.04843945	8.160214539
38.78194725	5.709165836
17.16089949	23.68556638
49.92875774	41.16503109
49.10469887	28.79946685
13.88727848	38.46911564
4.979089773	0.516099526
2.817307394	34.34068213
37.08016048	44.09411991
41.49333775	22.711778
23.44059272	8.212129076
15.72933243	0.684776186
11.42904151	14.75152739
34.54800871	37.83919717
11.39728161	41.63668371
12.19858977	6.08319327
17.75049967	45.57279421
6.961167716	15.77337653
27.35278917	5.744400847
17.34478057	30.70973458
4.399219436	6.474756728
20.24512533	15.59308076
49.70500173	27.04973447
25.28833523	0.272285736
22.2363685	41.86986821
23.91510282	45.15370379
8.769991317	38.67234107
24.51635196	9.260668569