24
31.123841   0.004404
48.929377   0.013964
49.742818   0.141995
49.925090   1.686559
49.989288  23.383471
49.995137  38.348660
49.989393  40.989541
49.743991  49.728801
48.673407  49.862716
48.453796  49.890138
44.136273  49.982901
22.931920  49.979705
 4.329381  49.961291
 0.818615  49.661002
 0.441651  49.614245
 0.095436  48.817774
 0.003202  44.600793
 0.000971  41.558841
 0.004069  11.529206
 0.030513   3.879377
 0.073304   0.606565
 0.592513   0.378431
 7.322708   0.044106
11.396113   0.007708
