28
42.329616   0.000487
44.421906   0.003815
49.183270   0.025633
49.584945   0.043087
49.954758   0.748322
49.994684   1.504871
49.995121  43.556358
49.995042  49.189377
49.955249  49.629415
49.784532  49.695048
48.706538  49.979050
45.573916  49.994768
23.552139  49.998710
 7.821117  49.998101
 2.218647  49.982412
 1.444329  49.946490
 0.102773  49.798354
 0.074091  49.749354
 0.042558  49.422849
 0.029358  47.869089
 0.009355  43.828476
 0.000886  24.830541
 0.001020   8.326924
 0.021683   2.016278
 0.027037   1.081250
 0.053096   0.303066
 0.154287   0.006572
 0.510808   0.001080
