72
0.000000  -2.000000
0.174311  -1.992389
0.347296  -1.969616
0.517638  -1.931852
0.684040  -1.879385
0.845237  -1.812616
1.000000  -1.732051
1.147153  -1.638304
1.285575  -1.532089
1.414214  -1.414214
1.532089  -1.285575
1.638304  -1.147153
1.732051  -1.000000
1.812616  -0.845237
1.879385  -0.684040
1.931852  -0.517638
1.969616  -0.347296
1.992389  -0.174311
2.000000  0.000000
1.992389  0.174311
1.969616  0.347296
1.931852  0.517638
1.879385  0.684040
1.812616  0.845237
1.732051  1.000000
1.638304  1.147153
1.532089  1.285575
1.414214  1.414214
1.285575  1.532089
1.147153  1.638304
1.000000  1.732051
0.845237  1.812616
0.684040  1.879385
0.517638  1.931852
0.347296  1.969616
0.174311  1.992389
0.000000  2.000000
-0.174311  1.992389
-0.347296  1.969616
-0.517638  1.931852
-0.684040  1.879385
-0.845237  1.812616
-1.000000  1.732051
-1.147153  1.638304
-1.285575  1.532089
-1.414214  1.414214
-1.532089  1.285575
-1.638304  1.147153
-1.732051  1.000000
-1.812616  0.845237
-1.879385  0.684040
-1.931852  0.517638
-1.969616  0.347296
-1.992389  0.174311
-2.000000  0.000000
-1.992389  -0.174311
-1.969616  -0.347296
-1.931852  -0.517638
-1.879385  -0.684040
-1.812616  -0.845237
-1.732051  -1.000000
-1.638304  -1.147153
-1.532089  -1.285575
-1.414214  -1.414214
-1.285575  -1.532089
-1.147153  -1.638304
-1.000000  -1.732051
-0.845237  -1.812616
-0.684040  -1.879385
-0.517638  -1.931852
-0.347296  -1.969616
-0.174311  -1.992389
